case编号,用户id,case标题,地域,机型,操作系统,网络环境,运营商,ROM信息,bug详情,复现步骤,截图,是否未知,优先级,审核状态,提交时间,,重复情况
0,18755,急救快通测试,湖北省|襄阳市|襄城区|西巷子|,Xiaomi  2014811,Android 4.4.4,WIFI,中国移动,KTU84P,登陆页面的忘记密码和注册有遮挡，定位附近医院时地图上的文字有重影，模糊,"1、安装并打开软件；
2、注册并登陆，登陆页面的忘记密码和注册有遮挡；
3、定位附近医院时地图上的文字有重影，模糊，详情请参见截图，谢谢。","[""http:\/\/bos.bj.baidubce.com\/json-api\/v1\/crowdtest-online\/upload\/8320238_f50554c9-75b6-4648-b5a1-c0628741150d.jpg"",""http:\/\/bos.bj.baidubce.com\/json-api\/v1\/crowdtest-online\/upload\/8320237_9554c849-ac11-413b-bf96-2cba80264108.jpg"",""http:\/\/bos.bj.baidubce.com\/json-api\/v1\/crowdtest-online\/upload\/8320236_436aae40-fc7d-4f47-8100-9556df298470.jpg""]",未知,P0,审核通过,2015-12-19 16:55:33,,31
0,18755,急救快通测试,湖北省|襄阳市|襄城区|西巷子|,Xiaomi  2014811,Android 4.4.4,WIFI,中国移动,KTU84P,单击在线支付时无论是选择支付宝支付还是微信支付，软件都没有反应,"1、安装并打开软件；
2、注册账号登陆；
3、在主菜单中选择在线支付，底部弹出支付宝支付和微信支付，无论是选择支付宝支付还是微信支付，软件都没有反应。","[""http:\/\/bos.bj.baidubce.com\/json-api\/v1\/crowdtest-online\/upload\/8320238_f50554c9-75b6-4648-b5a1-c0628741150d.jpg"",""http:\/\/bos.bj.baidubce.com\/json-api\/v1\/crowdtest-online\/upload\/8320237_9554c849-ac11-413b-bf96-2cba80264108.jpg"",""http:\/\/bos.bj.baidubce.com\/json-api\/v1\/crowdtest-online\/upload\/8320236_436aae40-fc7d-4f47-8100-9556df298470.jpg""]",未知,P0,审核通过,2015-12-19 16:55:40,,2
0,18755,急救快通测试,湖北省|襄阳市|襄城区|西巷子|,Xiaomi  2014811,Android 4.4.4,WIFI,中国移动,KTU84P,注册页面所用的搜狗输入法每点击一个字符是输入法框都乱跳,"1、下载软件；
2、安装软件；
3、注册账户，在注册页面的任何一个文本框输入信息时，搜狗输入法的框都乱跳，其他软件和本软件的输入诊疗卡信息页面都没有这种情况，这个实在截不了图，sorry。","[""http:\/\/bos.bj.baidubce.com\/json-api\/v1\/crowdtest-online\/upload\/8320238_f50554c9-75b6-4648-b5a1-c0628741150d.jpg"",""http:\/\/bos.bj.baidubce.com\/json-api\/v1\/crowdtest-online\/upload\/8320237_9554c849-ac11-413b-bf96-2cba80264108.jpg"",""http:\/\/bos.bj.baidubce.com\/json-api\/v1\/crowdtest-online\/upload\/8320236_436aae40-fc7d-4f47-8100-9556df298470.jpg""]",未知,P0,审核通过,2015-12-19 16:55:49,,35
0,211775,急救快通测试,河北省|石家庄市|新华区|天翼路|,Lenovo  Lenovo S898t+,Android 4.2.2,WIFI,中国移动,S898t+_S527_140414,登录完善信息时年龄出现负数。,登录以后，弹出完善信心，在年龄输入2016，后面出现-1。,"[""http:\/\/bos.bj.baidubce.com\/json-api\/v1\/crowdtest-online\/upload\/8312501_012c8c4d-7827-4dcf-8a0c-ba0f10bcf36c.jpg""]",未知,P0,审核通过,2015-12-19 16:39:05,,33
0,211775,急救快通测试,河北省|石家庄市|新华区|天翼路|,Lenovo  Lenovo S898t+,Android 4.2.2,WIFI,中国移动,S898t+_S527_140414,登录完善信息时身份证录入时，输入456789是闪现中文输入键盘。,登录后弹出完善信息时，身份证录入时，输入4567890数字时会出现闪现中文输入键盘现象。,"[""http:\/\/bos.bj.baidubce.com\/json-api\/v1\/crowdtest-online\/upload\/8312501_012c8c4d-7827-4dcf-8a0c-ba0f10bcf36c.jpg""]",未知,P0,审核通过,2015-12-19 16:39:27,,35
0,481216,急救快通测试,山东省|临沂市|苍山县|G206|,Xiaomi  HM NOTE 1LTE,Android 4.4.4,WIFI,无SIM卡,KTU84P,第三方登录，微信，qq首次登录显示网络错误，再次登录，qq拉取时间长,第三方登录，微信，qq首次登录显示网络错误，再次登录，qq拉取时间长。红米note,"[""http:\/\/bos.bj.baidubce.com\/json-api\/v1\/crowdtest-online\/upload\/8302535_a724920b-d777-42ec-95b3-41752a958db2.jpg"",""http:\/\/bos.bj.baidubce.com\/json-api\/v1\/crowdtest-online\/upload\/8302534_f5f4aabd-b1f2-41d0-8fe6-e83b04122ba1.jpg""]",未知,P0,审核通过,2015-12-19 01:21:47,,19
0,531756,急救快通测试,山西省|太原市|古交市|青山路|,Tencent  Tencent TOS,Android 4.4.4,WIFI,中国联通,4.4.064.P0.150715.8675-A,"注册app时，填写个人信息时，填写“章国强,33070219630306041x”年龄写的是1963年，注册成功后登陆，点击左上角三道横线的标志，显示年龄为“-1292”。重启app后，再次点击左上角三道横线的标志，显示年龄为“-未知”。","注册app时，填写个人信息时，填写“章国强,33070219630306041x”年龄写的是1963年，注册成功后登陆，点击左上角三道横线的标志，显示年龄为“-1292”。重启app后，再次点击左上角三道横线的标志，显示年龄为“-未知”。","[""http:\/\/bos.bj.baidubce.com\/json-api\/v1\/crowdtest-online\/upload\/8301384_35d040a8-acec-4ad4-a47a-cc1e8f2e4ec4.jpg"",""http:\/\/bos.bj.baidubce.com\/json-api\/v1\/crowdtest-online\/upload\/8301383_155e4bfe-ced4-47cd-a2f8-56c8f23baf77.jpg"",""http:\/\/bos.bj.baidubce.com\/json-api\/v1\/crowdtest-online\/upload\/8301382_6008bfba-6fb7-44f3-b6bf-2890f99bb044.jpg""]",未知,P0,审核通过,2015-12-19 01:24:19,,33
0,531756,急救快通测试,山西省|太原市|古交市|青山路|,Tencent  Tencent TOS,Android 4.4.4,WIFI,中国联通,4.4.064.P0.150715.8675-A,"注册app时，填写个人信息时，填写“章国强,33070219630306041x”年龄写的是1963年，注册成功后登陆，在主页点击“本人呼救”提示“网络或服务器故障，请稍后再试”，但是我此时处于wifi状态，并可以在其他模块顺利显示内容。而点击“代人呼救”可以正常使用。","注册app时，填写个人信息时，填写“章国强,33070219630306041x”年龄写的是1963年，注册成功后登陆，在主页点击“本人呼救”提示“网络或服务器故障，请稍后再试”，但是我此时处于wifi状态，并可以在其他模块顺利显示内容。而点击“代人呼救”可以正常使用。","[""http:\/\/bos.bj.baidubce.com\/json-api\/v1\/crowdtest-online\/upload\/8301384_35d040a8-acec-4ad4-a47a-cc1e8f2e4ec4.jpg"",""http:\/\/bos.bj.baidubce.com\/json-api\/v1\/crowdtest-online\/upload\/8301383_155e4bfe-ced4-47cd-a2f8-56c8f23baf77.jpg"",""http:\/\/bos.bj.baidubce.com\/json-api\/v1\/crowdtest-online\/upload\/8301382_6008bfba-6fb7-44f3-b6bf-2890f99bb044.jpg""]",未知,P0,审核通过,2015-12-19 01:24:33,,39
0,531756,急救快通测试,山西省|太原市|古交市|青山路|,Tencent  Tencent TOS,Android 4.4.4,WIFI,中国联通,4.4.064.P0.150715.8675-A,打开app登陆，点击主菜单界面的“在线支付”，会显示有两种支付方式“支付宝支付和微信支付”，点击返回键或者其他区域无法将这两个选项关闭，导致无法点击“本人呼救”和“代人呼救”。,打开app登陆，点击主菜单界面的“在线支付”，会显示有两种支付方式“支付宝支付和微信支付”，点击返回键或者其他区域无法将这两个选项关闭，导致无法点击“本人呼救”和“代人呼救”。,"[""http:\/\/bos.bj.baidubce.com\/json-api\/v1\/crowdtest-online\/upload\/8301384_35d040a8-acec-4ad4-a47a-cc1e8f2e4ec4.jpg"",""http:\/\/bos.bj.baidubce.com\/json-api\/v1\/crowdtest-online\/upload\/8301383_155e4bfe-ced4-47cd-a2f8-56c8f23baf77.jpg"",""http:\/\/bos.bj.baidubce.com\/json-api\/v1\/crowdtest-online\/upload\/8301382_6008bfba-6fb7-44f3-b6bf-2890f99bb044.jpg""]",未知,P0,审核通过,2015-12-19 01:24:50,,2
0,531756,急救快通测试,山西省|太原市|古交市|青山路|,Tencent  Tencent TOS,Android 4.4.4,WIFI,中国联通,4.4.064.P0.150715.8675-A,打开app登陆账号，点击主菜单界面的“远程诊断”，没有任何反应。,打开app登陆账号，点击主菜单界面的“远程诊断”，没有任何反应。,"[""http:\/\/bos.bj.baidubce.com\/json-api\/v1\/crowdtest-online\/upload\/8301384_35d040a8-acec-4ad4-a47a-cc1e8f2e4ec4.jpg"",""http:\/\/bos.bj.baidubce.com\/json-api\/v1\/crowdtest-online\/upload\/8301383_155e4bfe-ced4-47cd-a2f8-56c8f23baf77.jpg"",""http:\/\/bos.bj.baidubce.com\/json-api\/v1\/crowdtest-online\/upload\/8301382_6008bfba-6fb7-44f3-b6bf-2890f99bb044.jpg""]",未知,P0,审核通过,2015-12-19 01:24:58,,15
0,531756,急救快通测试,山西省|太原市|古交市|青山路|,Tencent  Tencent TOS,Android 4.4.4,WIFI,中国联通,4.4.064.P0.150715.8675-A,打开app登陆账号，点击主菜单界面左上角三道横线，在侧边栏点击退出登录，会直接导致应用关闭而不光是退出登录的账号。,打开app登陆账号，点击主菜单界面左上角三道横线，在侧边栏点击退出登录，会直接导致应用关闭而不光是退出登录的账号。,"[""http:\/\/bos.bj.baidubce.com\/json-api\/v1\/crowdtest-online\/upload\/8301384_35d040a8-acec-4ad4-a47a-cc1e8f2e4ec4.jpg"",""http:\/\/bos.bj.baidubce.com\/json-api\/v1\/crowdtest-online\/upload\/8301383_155e4bfe-ced4-47cd-a2f8-56c8f23baf77.jpg"",""http:\/\/bos.bj.baidubce.com\/json-api\/v1\/crowdtest-online\/upload\/8301382_6008bfba-6fb7-44f3-b6bf-2890f99bb044.jpg""]",未知,P0,审核通过,2015-12-19 01:25:17,,37
0,531756,急救快通测试,山西省|太原市|古交市|青山路|,Tencent  Tencent TOS,Android 4.4.4,WIFI,中国联通,4.4.064.P0.150715.8675-A,有手机号先注册一个账号，然后退出登录，在登陆界面点击“忘记密码”，在“号码验证”页面输入刚才注册的手机号，点击“下一步”，提示“此手机号码尚未注册，请先注册”。,有手机号先注册一个账号，然后退出登录，在登陆界面点击“忘记密码”，在“号码验证”页面输入刚才注册的手机号，点击“下一步”，提示“此手机号码尚未注册，请先注册”。,"[""http:\/\/bos.bj.baidubce.com\/json-api\/v1\/crowdtest-online\/upload\/8301384_35d040a8-acec-4ad4-a47a-cc1e8f2e4ec4.jpg"",""http:\/\/bos.bj.baidubce.com\/json-api\/v1\/crowdtest-online\/upload\/8301383_155e4bfe-ced4-47cd-a2f8-56c8f23baf77.jpg"",""http:\/\/bos.bj.baidubce.com\/json-api\/v1\/crowdtest-online\/upload\/8301382_6008bfba-6fb7-44f3-b6bf-2890f99bb044.jpg""]",未知,P0,审核通过,2015-12-19 01:25:57,,34
0,531756,急救快通测试,山西省|太原市|古交市|青山路|,Tencent  Tencent TOS,Android 4.4.4,WIFI,中国联通,4.4.064.P0.150715.8675-A,有手机号先注册一个账号，然后退出登录，在登陆界面点击“忘记密码”，在“号码验证”页面输入刚才注册的手机号，点击“下一步”，提示“此手机号码尚未注册，请先注册”。再使用之前的密码进行登陆，会提示“登陆失败，密码错误”,有手机号先注册一个账号，然后退出登录，在登陆界面点击“忘记密码”，在“号码验证”页面输入刚才注册的手机号，点击“下一步”，提示“此手机号码尚未注册，请先注册”。再使用之前的密码进行登陆，会提示“登陆失败，密码错误”,"[""http:\/\/bos.bj.baidubce.com\/json-api\/v1\/crowdtest-online\/upload\/8301384_35d040a8-acec-4ad4-a47a-cc1e8f2e4ec4.jpg"",""http:\/\/bos.bj.baidubce.com\/json-api\/v1\/crowdtest-online\/upload\/8301383_155e4bfe-ced4-47cd-a2f8-56c8f23baf77.jpg"",""http:\/\/bos.bj.baidubce.com\/json-api\/v1\/crowdtest-online\/upload\/8301382_6008bfba-6fb7-44f3-b6bf-2890f99bb044.jpg""]",未知,P0,审核通过,2015-12-19 01:27:00,,34
0,531756,急救快通测试,山西省|太原市|古交市|青山路|,Tencent  Tencent TOS,Android 4.4.4,WIFI,中国联通,4.4.064.P0.150715.8675-A,有手机号先注册一个账号，然后退出登录，在登陆界面点击“忘记密码”，在“号码验证”页面输入刚才注册的手机号，点击“下一步”，提示“此手机号码尚未注册，请先注册”。再使用之前的密码进行登陆，会提示“登陆失败，密码错误”，此时再去注册页面使用手机号注册，可以注册成功。,有手机号先注册一个账号，然后退出登录，在登陆界面点击“忘记密码”，在“号码验证”页面输入刚才注册的手机号，点击“下一步”，提示“此手机号码尚未注册，请先注册”。再使用之前的密码进行登陆，会提示“登陆失败，密码错误”，此时再去注册页面使用手机号注册，可以注册成功。,"[""http:\/\/bos.bj.baidubce.com\/json-api\/v1\/crowdtest-online\/upload\/8301384_35d040a8-acec-4ad4-a47a-cc1e8f2e4ec4.jpg"",""http:\/\/bos.bj.baidubce.com\/json-api\/v1\/crowdtest-online\/upload\/8301383_155e4bfe-ced4-47cd-a2f8-56c8f23baf77.jpg"",""http:\/\/bos.bj.baidubce.com\/json-api\/v1\/crowdtest-online\/upload\/8301382_6008bfba-6fb7-44f3-b6bf-2890f99bb044.jpg""]",未知,P0,审核通过,2015-12-19 01:26:45,,34
0,753702,急救快通测试,辽宁省|铁岭市|银州区|繁荣路|,Xiaomi  MI 2S,Android 5.0.2,WIFI,中国联通,LRX22G,"在完善信息页,年龄一栏要填的居然不是年龄而是出生年份,这个设计让我研究了二十分钟,用户体验差到极点了","1.打开app,选""登录体验""
2.点""注册""链接,进入注册页面.
3.填写手机号和密码,点""注册""按钮,进入""完善信息""页
4.填写表单内容,其中年龄一栏填写年龄(比如填30,后面那个框不会有任何变化,也没有任何提示说这里该填出生年份的),点右上角""提交""按钮
5.弹出提示""姓名,年龄,手机号码不能为空""(见截图),按此提示也无法明确年龄一栏该填年份的,太反人类了.
提供按实际年龄填写表单时提示""姓名,年龄,手机号码不能为空""截图一张.

手机环境:小米2s联通非定制机, miuiv7开发版, android_v5.0.2, 2g运行内存(测试时至少还有40%内存可用), 3g+wifi(10m或100m光纤接入), 未安装任何第三方安全类app, 未启用root ***** 可以不通过,给我个理由 *****","[""http:\/\/bos.bj.baidubce.com\/json-api\/v1\/crowdtest-online\/upload\/8308701_c28c94c3-7adb-44cf-b80f-82efc46516d8.jpg"",""http:\/\/bos.bj.baidubce.com\/json-api\/v1\/crowdtest-online\/upload\/8308700_4f970a43-372b-4f0d-8681-549a36747066.jpg"",""http:\/\/bos.bj.baidubce.com\/json-api\/v1\/crowdtest-online\/upload\/8308699_3b59800c-81ef-47ec-b350-3a62b6024cb1.jpg"",""http:\/\/bos.bj.baidubce.com\/json-api\/v1\/crowdtest-online\/upload\/8308698_50dbd107-694e-431a-a76c-8ff4d9de3566.jpg"",""http:\/\/bos.bj.baidubce.com\/json-api\/v1\/crowdtest-online\/upload\/8308697_80ad2045-c264-4793-9bad-f089c2b34daa.jpg"",""http:\/\/bos.bj.baidubce.com\/json-api\/v1\/crowdtest-online\/upload\/8308696_269d4fdc-14f0-4677-bc65-a5b47877148e.jpg"",""http:\/\/bos.bj.baidubce.com\/json-api\/v1\/crowdtest-online\/upload\/8308695_08fa774d-87d7-4d70-8986-eccdbcbc65ba.jpg"",""http:\/\/bos.bj.baidubce.com\/json-api\/v1\/crowdtest-online\/upload\/8308694_a00b1386-c043-4168-81d2-400934ff50ec.jpg"",""http:\/\/bos.bj.baidubce.com\/json-api\/v1\/crowdtest-online\/upload\/8308693_b6b55a5b-914d-42f6-a635-041da6e394e5.jpg""]",未知,P0,审核通过,2015-12-19 16:36:54,,20
0,753702,急救快通测试,辽宁省|铁岭市|银州区|繁荣路|,Xiaomi  MI 2S,Android 5.0.2,WIFI,中国联通,LRX22G,"急救手册中滚动图片链接全部失效,均指向某网站首页.","1.打开app,不用登录.
2.在""主菜单""点""急救手册"",进入""急救手册""页面.
3.点击上面的滚动图片,会跳转到""我的随身医生""这个网站首页,没有转向与图片内容相关的具体页面,并且,丢失了app的红色标题栏,看起来就像是脱离了app一样.
4.按后退键反回到""急救手册""页面后,依次点击各标签页下面的所有滚动图片,均有相同问题.
提供""急救手册""页截图一张,滚动图片链接目标页截图一张.

手机环境:小米2s联通非定制机, miuiv7开发版, android_v5.0.2, 2g运行内存(测试时至少还有40%内存可用), 3g+wifi(10m或100m光纤接入), 未安装任何第三方安全类app, 未启用root ***** 可以不通过,给我个理由 *****","[""http:\/\/bos.bj.baidubce.com\/json-api\/v1\/crowdtest-online\/upload\/8308701_c28c94c3-7adb-44cf-b80f-82efc46516d8.jpg"",""http:\/\/bos.bj.baidubce.com\/json-api\/v1\/crowdtest-online\/upload\/8308700_4f970a43-372b-4f0d-8681-549a36747066.jpg"",""http:\/\/bos.bj.baidubce.com\/json-api\/v1\/crowdtest-online\/upload\/8308699_3b59800c-81ef-47ec-b350-3a62b6024cb1.jpg"",""http:\/\/bos.bj.baidubce.com\/json-api\/v1\/crowdtest-online\/upload\/8308698_50dbd107-694e-431a-a76c-8ff4d9de3566.jpg"",""http:\/\/bos.bj.baidubce.com\/json-api\/v1\/crowdtest-online\/upload\/8308697_80ad2045-c264-4793-9bad-f089c2b34daa.jpg"",""http:\/\/bos.bj.baidubce.com\/json-api\/v1\/crowdtest-online\/upload\/8308696_269d4fdc-14f0-4677-bc65-a5b47877148e.jpg"",""http:\/\/bos.bj.baidubce.com\/json-api\/v1\/crowdtest-online\/upload\/8308695_08fa774d-87d7-4d70-8986-eccdbcbc65ba.jpg"",""http:\/\/bos.bj.baidubce.com\/json-api\/v1\/crowdtest-online\/upload\/8308694_a00b1386-c043-4168-81d2-400934ff50ec.jpg"",""http:\/\/bos.bj.baidubce.com\/json-api\/v1\/crowdtest-online\/upload\/8308693_b6b55a5b-914d-42f6-a635-041da6e394e5.jpg""]",未知,P0,审核通过,2015-12-19 16:37:04,,21
0,753702,急救快通测试,辽宁省|铁岭市|银州区|繁荣路|,Xiaomi  MI 2S,Android 5.0.2,WIFI,中国联通,LRX22G,"在非登录状态,主菜单的""远程诊断"",""记录查询"",""急救状态"",""在线支付""展开后的两个选项点击无响应","1.打开app,不用登录.
2.点""主菜单""的""远程诊断""图标,有点击动画,但是页面无提示,无刷新,无跳转,不响应点击
3.另外,在""主菜单""的""记录查询"",""急救状态"",""在线支付""展开后的两个选项点击均无响应.

手机环境:小米2s联通非定制机, miuiv7开发版, android_v5.0.2, 2g运行内存(测试时至少还有40%内存可用), 3g+wifi(10m或100m光纤接入), 未安装任何第三方安全类app, 未启用root ***** 可以不通过,给我个理由 *****","[""http:\/\/bos.bj.baidubce.com\/json-api\/v1\/crowdtest-online\/upload\/8308701_c28c94c3-7adb-44cf-b80f-82efc46516d8.jpg"",""http:\/\/bos.bj.baidubce.com\/json-api\/v1\/crowdtest-online\/upload\/8308700_4f970a43-372b-4f0d-8681-549a36747066.jpg"",""http:\/\/bos.bj.baidubce.com\/json-api\/v1\/crowdtest-online\/upload\/8308699_3b59800c-81ef-47ec-b350-3a62b6024cb1.jpg"",""http:\/\/bos.bj.baidubce.com\/json-api\/v1\/crowdtest-online\/upload\/8308698_50dbd107-694e-431a-a76c-8ff4d9de3566.jpg"",""http:\/\/bos.bj.baidubce.com\/json-api\/v1\/crowdtest-online\/upload\/8308697_80ad2045-c264-4793-9bad-f089c2b34daa.jpg"",""http:\/\/bos.bj.baidubce.com\/json-api\/v1\/crowdtest-online\/upload\/8308696_269d4fdc-14f0-4677-bc65-a5b47877148e.jpg"",""http:\/\/bos.bj.baidubce.com\/json-api\/v1\/crowdtest-online\/upload\/8308695_08fa774d-87d7-4d70-8986-eccdbcbc65ba.jpg"",""http:\/\/bos.bj.baidubce.com\/json-api\/v1\/crowdtest-online\/upload\/8308694_a00b1386-c043-4168-81d2-400934ff50ec.jpg"",""http:\/\/bos.bj.baidubce.com\/json-api\/v1\/crowdtest-online\/upload\/8308693_b6b55a5b-914d-42f6-a635-041da6e394e5.jpg""]",未知,P0,审核通过,2015-12-19 16:37:15,,18
0,753702,急救快通测试,辽宁省|铁岭市|银州区|繁荣路|,Xiaomi  MI 2S,Android 5.0.2,WIFI,中国联通,LRX22G,"应用分享生成的分享链接与该app无关,而是mob官网,一个移动开发平台的网站","1.打开app,不用登录.
2.在""主菜单""界面点左上角图标,展开""个人信息""抽屉.
3.点""应用分享"",在弹出图标选择对话框中选""微信好友"",之后在微信内找到好友并完成分享流程.
4.在微信中打开分享链接,指向的是mob官方,与该app无关.
提供微信生成的分享链接截图一张,及该链接对应的目标网页截图一张.

手机环境:小米2s联通非定制机, miuiv7开发版, android_v5.0.2, 2g运行内存(测试时至少还有40%内存可用), 3g+wifi(10m或100m光纤接入), 未安装任何第三方安全类app, 未启用root ***** 可以不通过,给我个理由 *****","[""http:\/\/bos.bj.baidubce.com\/json-api\/v1\/crowdtest-online\/upload\/8308701_c28c94c3-7adb-44cf-b80f-82efc46516d8.jpg"",""http:\/\/bos.bj.baidubce.com\/json-api\/v1\/crowdtest-online\/upload\/8308700_4f970a43-372b-4f0d-8681-549a36747066.jpg"",""http:\/\/bos.bj.baidubce.com\/json-api\/v1\/crowdtest-online\/upload\/8308699_3b59800c-81ef-47ec-b350-3a62b6024cb1.jpg"",""http:\/\/bos.bj.baidubce.com\/json-api\/v1\/crowdtest-online\/upload\/8308698_50dbd107-694e-431a-a76c-8ff4d9de3566.jpg"",""http:\/\/bos.bj.baidubce.com\/json-api\/v1\/crowdtest-online\/upload\/8308697_80ad2045-c264-4793-9bad-f089c2b34daa.jpg"",""http:\/\/bos.bj.baidubce.com\/json-api\/v1\/crowdtest-online\/upload\/8308696_269d4fdc-14f0-4677-bc65-a5b47877148e.jpg"",""http:\/\/bos.bj.baidubce.com\/json-api\/v1\/crowdtest-online\/upload\/8308695_08fa774d-87d7-4d70-8986-eccdbcbc65ba.jpg"",""http:\/\/bos.bj.baidubce.com\/json-api\/v1\/crowdtest-online\/upload\/8308694_a00b1386-c043-4168-81d2-400934ff50ec.jpg"",""http:\/\/bos.bj.baidubce.com\/json-api\/v1\/crowdtest-online\/upload\/8308693_b6b55a5b-914d-42f6-a635-041da6e394e5.jpg""]",未知,P0,审核通过,2015-12-19 16:37:37,,32
0,753702,急救快通测试,辽宁省|铁岭市|银州区|繁荣路|,Xiaomi  MI 2S,Android 5.0.2,WIFI,中国联通,LRX22G,"完善信息页的手机号码一栏并没有标*,但是不填的话,提交信息会提示这个必填","1.打开app,选""登录体验""
2.点""注册""链接,进入注册页面.
3.填写手机号和密码,点""注册""按钮,进入""完善信息""页(不要填表和提交)
4.退出app,重新打开,并用刚注册的手机号登录.又回到""完善信息""页,但是手机号一栏默认是空的.
5.此页面标*号的就只有""姓名"",""年龄"",""身份证号"",并没有""手机号码""一项,如果不填手机号就提交,就会得到提示信息""姓名,年龄,手机号码不能为空""
提供只填标星号项提交时提示""姓名,年龄,手机号码不能为空""截图一张.

手机环境:小米2s联通非定制机, miuiv7开发版, android_v5.0.2, 2g运行内存(测试时至少还有40%内存可用), 3g+wifi(10m或100m光纤接入), 未安装任何第三方安全类app, 未启用root ***** 可以不通过,给我个理由 *****","[""http:\/\/bos.bj.baidubce.com\/json-api\/v1\/crowdtest-online\/upload\/8308701_c28c94c3-7adb-44cf-b80f-82efc46516d8.jpg"",""http:\/\/bos.bj.baidubce.com\/json-api\/v1\/crowdtest-online\/upload\/8308700_4f970a43-372b-4f0d-8681-549a36747066.jpg"",""http:\/\/bos.bj.baidubce.com\/json-api\/v1\/crowdtest-online\/upload\/8308699_3b59800c-81ef-47ec-b350-3a62b6024cb1.jpg"",""http:\/\/bos.bj.baidubce.com\/json-api\/v1\/crowdtest-online\/upload\/8308698_50dbd107-694e-431a-a76c-8ff4d9de3566.jpg"",""http:\/\/bos.bj.baidubce.com\/json-api\/v1\/crowdtest-online\/upload\/8308697_80ad2045-c264-4793-9bad-f089c2b34daa.jpg"",""http:\/\/bos.bj.baidubce.com\/json-api\/v1\/crowdtest-online\/upload\/8308696_269d4fdc-14f0-4677-bc65-a5b47877148e.jpg"",""http:\/\/bos.bj.baidubce.com\/json-api\/v1\/crowdtest-online\/upload\/8308695_08fa774d-87d7-4d70-8986-eccdbcbc65ba.jpg"",""http:\/\/bos.bj.baidubce.com\/json-api\/v1\/crowdtest-online\/upload\/8308694_a00b1386-c043-4168-81d2-400934ff50ec.jpg"",""http:\/\/bos.bj.baidubce.com\/json-api\/v1\/crowdtest-online\/upload\/8308693_b6b55a5b-914d-42f6-a635-041da6e394e5.jpg""]",未知,P0,审核通过,2015-12-19 16:38:26,,20
0,753702,急救快通测试,辽宁省|铁岭市|银州区|繁荣路|,Xiaomi  MI 2S,Android 5.0.2,WIFI,中国联通,LRX22G,"诊疗卡只能新增,连最基本的删/改操作都没有实现,填错了即不能删也不能改.","1.打开app,登录.
2.在""主菜单""点选""诊疗卡""图标,进入""诊疗卡""界面.
3.点右上角""新增""按钮,进入""诊疗卡""表单页面.完成表单并点右上角""绑定""按钮,回到""诊疗卡""列表页面.
4.长按刚添加的""诊疗卡""记录,无弹出菜单和复选框等动作,双击与单击操作相同,进入""诊疗卡""详细信息页,但是表单是只读的,无法修改,也没有提供任何""编辑/修改/删除""等功能入口.填错了就只能再新增,无法删改.增删改是数据管理的最基本操作,但此处却缺失其二,小编一定又要说""设计如此""了.
诊疗卡截图一张.

手机环境:小米2s联通非定制机, miuiv7开发版, android_v5.0.2, 2g运行内存(测试时至少还有40%内存可用), 3g+wifi(10m或100m光纤接入), 未安装任何第三方安全类app, 未启用root ***** 可以不通过,给我个理由 *****","[""http:\/\/bos.bj.baidubce.com\/json-api\/v1\/crowdtest-online\/upload\/8308701_c28c94c3-7adb-44cf-b80f-82efc46516d8.jpg"",""http:\/\/bos.bj.baidubce.com\/json-api\/v1\/crowdtest-online\/upload\/8308700_4f970a43-372b-4f0d-8681-549a36747066.jpg"",""http:\/\/bos.bj.baidubce.com\/json-api\/v1\/crowdtest-online\/upload\/8308699_3b59800c-81ef-47ec-b350-3a62b6024cb1.jpg"",""http:\/\/bos.bj.baidubce.com\/json-api\/v1\/crowdtest-online\/upload\/8308698_50dbd107-694e-431a-a76c-8ff4d9de3566.jpg"",""http:\/\/bos.bj.baidubce.com\/json-api\/v1\/crowdtest-online\/upload\/8308697_80ad2045-c264-4793-9bad-f089c2b34daa.jpg"",""http:\/\/bos.bj.baidubce.com\/json-api\/v1\/crowdtest-online\/upload\/8308696_269d4fdc-14f0-4677-bc65-a5b47877148e.jpg"",""http:\/\/bos.bj.baidubce.com\/json-api\/v1\/crowdtest-online\/upload\/8308695_08fa774d-87d7-4d70-8986-eccdbcbc65ba.jpg"",""http:\/\/bos.bj.baidubce.com\/json-api\/v1\/crowdtest-online\/upload\/8308694_a00b1386-c043-4168-81d2-400934ff50ec.jpg"",""http:\/\/bos.bj.baidubce.com\/json-api\/v1\/crowdtest-online\/upload\/8308693_b6b55a5b-914d-42f6-a635-041da6e394e5.jpg""]",未知,P0,审核通过,2015-12-19 16:38:36,,25
0,753702,急救快通测试,辽宁省|铁岭市|银州区|繁荣路|,Xiaomi  MI 2S,Android 5.0.2,WIFI,中国联通,LRX22G,"本人呼救中,左下角圆形图标点击展开的4个图标功能无效","1.打开app,登录.
2.在""主菜单""点""本人呼救"",进入地图页面.
3.点屏幕左下角的红色圆形图标,展开四人蓝色图标.
4.点前三个图标(定位,消息,相机)图标均无响应,功能失效.
5.点第四个麦克风图标,显示""按住录音""按钮,点此按钮无录音动作,功能失效.
6.在此页面大约停留30秒到1分钟,必然弹出""正在重新建立链接....""对话框,似乎就从来没连接成功过,功能失效或服务不可用.
提供展开4个小图标的地图页面截图一张和正在连接状态截图一张.

手机环境:小米2s联通非定制机, miuiv7开发版, android_v5.0.2, 2g运行内存(测试时至少还有40%内存可用), 3g+wifi(10m或100m光纤接入), 未安装任何第三方安全类app, 未启用root ***** 可以不通过,给我个理由 *****","[""http:\/\/bos.bj.baidubce.com\/json-api\/v1\/crowdtest-online\/upload\/8308701_c28c94c3-7adb-44cf-b80f-82efc46516d8.jpg"",""http:\/\/bos.bj.baidubce.com\/json-api\/v1\/crowdtest-online\/upload\/8308700_4f970a43-372b-4f0d-8681-549a36747066.jpg"",""http:\/\/bos.bj.baidubce.com\/json-api\/v1\/crowdtest-online\/upload\/8308699_3b59800c-81ef-47ec-b350-3a62b6024cb1.jpg"",""http:\/\/bos.bj.baidubce.com\/json-api\/v1\/crowdtest-online\/upload\/8308698_50dbd107-694e-431a-a76c-8ff4d9de3566.jpg"",""http:\/\/bos.bj.baidubce.com\/json-api\/v1\/crowdtest-online\/upload\/8308697_80ad2045-c264-4793-9bad-f089c2b34daa.jpg"",""http:\/\/bos.bj.baidubce.com\/json-api\/v1\/crowdtest-online\/upload\/8308696_269d4fdc-14f0-4677-bc65-a5b47877148e.jpg"",""http:\/\/bos.bj.baidubce.com\/json-api\/v1\/crowdtest-online\/upload\/8308695_08fa774d-87d7-4d70-8986-eccdbcbc65ba.jpg"",""http:\/\/bos.bj.baidubce.com\/json-api\/v1\/crowdtest-online\/upload\/8308694_a00b1386-c043-4168-81d2-400934ff50ec.jpg"",""http:\/\/bos.bj.baidubce.com\/json-api\/v1\/crowdtest-online\/upload\/8308693_b6b55a5b-914d-42f6-a635-041da6e394e5.jpg""]",未知,P0,审核通过,2015-12-19 16:38:58,,10
0,768348,急救快通测试,江苏省|徐州市|铜山区|厚德路|,Meizu  M040,Android 5.0.1,WIFI,无SIM卡,Flyme OS 4.5.7A,附近医院打开无法连接网络（网络正常）,"打开app,登录，点击附近医院，提示无法连接网络","[""http:\/\/bos.bj.baidubce.com\/json-api\/v1\/crowdtest-online\/upload\/8302192_d2ba8322-b562-428b-bf94-7b63f082fe13.jpg"",""http:\/\/bos.bj.baidubce.com\/json-api\/v1\/crowdtest-online\/upload\/8302191_5c8ab1f3-23c9-45ab-acfa-b02c129837a2.jpg"",""http:\/\/bos.bj.baidubce.com\/json-api\/v1\/crowdtest-online\/upload\/8302190_109ff344-998d-4700-adf5-da34aa016805.jpg""]",未知,P0,审核不通过,2015-12-19 01:23:25,,31
0,768348,急救快通测试,江苏省|徐州市|铜山区|厚德路|,Meizu  M040,Android 5.0.1,WIFI,无SIM卡,Flyme OS 4.5.7A,点击本人呼救，提示完善信息，但注册时已填写信息，按要求完善信息，提交后点击本人呼救又提示完善信息，该模块无法使用,"打开app,注册并登录，点击本人呼救，完善信息，保存，再次点击本人呼救，提示完善信息","[""http:\/\/bos.bj.baidubce.com\/json-api\/v1\/crowdtest-online\/upload\/8302192_d2ba8322-b562-428b-bf94-7b63f082fe13.jpg"",""http:\/\/bos.bj.baidubce.com\/json-api\/v1\/crowdtest-online\/upload\/8302191_5c8ab1f3-23c9-45ab-acfa-b02c129837a2.jpg"",""http:\/\/bos.bj.baidubce.com\/json-api\/v1\/crowdtest-online\/upload\/8302190_109ff344-998d-4700-adf5-da34aa016805.jpg""]",未知,P0,审核通过,2015-12-19 01:22:49,,39
0,772212,急救快通测试,广东省|广州市|海珠区|南约新街|南4巷-11号,Haier  HT-I860,Android 4.2.1,WIFI,无SIM卡,HT-I860-H01-S02-CMCC,绑定个人信息，姓名、手机号、年龄都有填写，却提示不能为空，无法提交。,绑定个人信息，姓名、手机号、年龄都有填写，却提示不能为空，无法提交。,"[""http:\/\/bos.bj.baidubce.com\/json-api\/v1\/crowdtest-online\/upload\/8319830_b4d7266b-1753-4b46-b469-dd0db31e3823.jpg"",""http:\/\/bos.bj.baidubce.com\/json-api\/v1\/crowdtest-online\/upload\/8319829_065ac0f5-dbbd-4cf3-9a79-f238c358dbc4.jpg""]",未知,P0,审核通过,2015-12-19 16:45:50,,20
0,772212,急救快通测试,广东省|广州市|海珠区|南约新街|南4巷-11号,Haier  HT-I860,Android 4.2.1,WIFI,无SIM卡,HT-I860-H01-S02-CMCC,查找附近医院，出现广东财经大学法律诊所。,查找附近医院，出现已经不存在的广东财经大学法律诊所，而且位置不准确。,"[""http:\/\/bos.bj.baidubce.com\/json-api\/v1\/crowdtest-online\/upload\/8319830_b4d7266b-1753-4b46-b469-dd0db31e3823.jpg"",""http:\/\/bos.bj.baidubce.com\/json-api\/v1\/crowdtest-online\/upload\/8319829_065ac0f5-dbbd-4cf3-9a79-f238c358dbc4.jpg""]",未知,P0,审核通过,2015-12-19 16:46:30,,36
0,779468,急救快通测试,北京市|北京市|昌平区|太平庄北街|,Huawei  S8-701u,Android 4.3,WIFI,unknown,S8-701uV100R001C233B008,启动app-》溜达溜达-》地理位置，在地图上放大缩小，任意操作，不知道哪一步导致了app挂掉了，有截图,启动app-》溜达溜达-》地理位置，在地图上放大缩小，任意操作，不知道哪一步导致了app挂掉了，有截图,"[""http:\/\/bos.bj.baidubce.com\/json-api\/v1\/crowdtest-online\/upload\/8301095_8e78beb6-ed5c-4804-a536-ef4024af2877.jpg"",""http:\/\/bos.bj.baidubce.com\/json-api\/v1\/crowdtest-online\/upload\/8301093_4a1fd277-4685-41be-b76d-c8f6260db64e.jpg"",""http:\/\/bos.bj.baidubce.com\/json-api\/v1\/crowdtest-online\/upload\/8301091_c262f02f-cc7e-4ede-a195-ac1a60a74696.jpg"",""http:\/\/bos.bj.baidubce.com\/json-api\/v1\/crowdtest-online\/upload\/8301089_a4a74814-80d2-46cc-aed4-4a36149900df.jpg"",""http:\/\/bos.bj.baidubce.com\/json-api\/v1\/crowdtest-online\/upload\/8301087_dca8d0e2-ba03-48e8-83f8-2ccce891474f.jpg"",""http:\/\/bos.bj.baidubce.com\/json-api\/v1\/crowdtest-online\/upload\/8301084_91e81113-ac64-470d-97c1-7b40cd29a914.jpg"",""http:\/\/bos.bj.baidubce.com\/json-api\/v1\/crowdtest-online\/upload\/8301082_04a2359d-8d28-4fdc-a2eb-f01d213ab8a6.jpg"",""http:\/\/bos.bj.baidubce.com\/json-api\/v1\/crowdtest-online\/upload\/8301078_c14ac152-94e0-4820-a8df-364e8b5858ce.jpg""]",未知,P0,审核通过,2015-12-19 01:07:02,,28
0,779468,急救快通测试,北京市|北京市|昌平区|太平庄北街|,Huawei  S8-701u,Android 4.3,WIFI,unknown,S8-701uV100R001C233B008,启动app-》溜达溜达-》地理位置，在这个页面稍微停留一会，随便点一下页面中的功能，然后就会弹出“正在重新建立连接”，网络并没有中断，为何突然重新建立连接？。。。。,启动app-》溜达溜达-》地理位置，在这个页面稍微停留一会，随便点一下页面中的功能，然后就会弹出“正在重新建立连接”，网络并没有中断，为何突然重新建立连接？。。。。,"[""http:\/\/bos.bj.baidubce.com\/json-api\/v1\/crowdtest-online\/upload\/8301095_8e78beb6-ed5c-4804-a536-ef4024af2877.jpg"",""http:\/\/bos.bj.baidubce.com\/json-api\/v1\/crowdtest-online\/upload\/8301093_4a1fd277-4685-41be-b76d-c8f6260db64e.jpg"",""http:\/\/bos.bj.baidubce.com\/json-api\/v1\/crowdtest-online\/upload\/8301091_c262f02f-cc7e-4ede-a195-ac1a60a74696.jpg"",""http:\/\/bos.bj.baidubce.com\/json-api\/v1\/crowdtest-online\/upload\/8301089_a4a74814-80d2-46cc-aed4-4a36149900df.jpg"",""http:\/\/bos.bj.baidubce.com\/json-api\/v1\/crowdtest-online\/upload\/8301087_dca8d0e2-ba03-48e8-83f8-2ccce891474f.jpg"",""http:\/\/bos.bj.baidubce.com\/json-api\/v1\/crowdtest-online\/upload\/8301084_91e81113-ac64-470d-97c1-7b40cd29a914.jpg"",""http:\/\/bos.bj.baidubce.com\/json-api\/v1\/crowdtest-online\/upload\/8301082_04a2359d-8d28-4fdc-a2eb-f01d213ab8a6.jpg"",""http:\/\/bos.bj.baidubce.com\/json-api\/v1\/crowdtest-online\/upload\/8301078_c14ac152-94e0-4820-a8df-364e8b5858ce.jpg""]",未知,P0,审核通过,2015-12-19 01:07:59,,26
0,779468,急救快通测试,北京市|北京市|昌平区|太平庄北街|,Huawei  S8-701u,Android 4.3,WIFI,unknown,S8-701uV100R001C233B008,启动app-》溜达溜达-》地理位置-》左下角红色图标-》点录音图标，按住下方的“按住录音”，然后说话，app并不能正常实现录音功能,启动app-》溜达溜达-》地理位置-》左下角红色图标-》点录音图标，按住下方的“按住录音”，然后说话，app并不能正常实现录音功能,"[""http:\/\/bos.bj.baidubce.com\/json-api\/v1\/crowdtest-online\/upload\/8301095_8e78beb6-ed5c-4804-a536-ef4024af2877.jpg"",""http:\/\/bos.bj.baidubce.com\/json-api\/v1\/crowdtest-online\/upload\/8301093_4a1fd277-4685-41be-b76d-c8f6260db64e.jpg"",""http:\/\/bos.bj.baidubce.com\/json-api\/v1\/crowdtest-online\/upload\/8301091_c262f02f-cc7e-4ede-a195-ac1a60a74696.jpg"",""http:\/\/bos.bj.baidubce.com\/json-api\/v1\/crowdtest-online\/upload\/8301089_a4a74814-80d2-46cc-aed4-4a36149900df.jpg"",""http:\/\/bos.bj.baidubce.com\/json-api\/v1\/crowdtest-online\/upload\/8301087_dca8d0e2-ba03-48e8-83f8-2ccce891474f.jpg"",""http:\/\/bos.bj.baidubce.com\/json-api\/v1\/crowdtest-online\/upload\/8301084_91e81113-ac64-470d-97c1-7b40cd29a914.jpg"",""http:\/\/bos.bj.baidubce.com\/json-api\/v1\/crowdtest-online\/upload\/8301082_04a2359d-8d28-4fdc-a2eb-f01d213ab8a6.jpg"",""http:\/\/bos.bj.baidubce.com\/json-api\/v1\/crowdtest-online\/upload\/8301078_c14ac152-94e0-4820-a8df-364e8b5858ce.jpg""]",未知,P0,审核通过,2015-12-19 01:08:48,,14
0,779468,急救快通测试,北京市|北京市|昌平区|太平庄北街|,Huawei  S8-701u,Android 4.3,WIFI,unknown,S8-701uV100R001C233B008,启动app-》溜达溜达-》地理位置-》左下角红色图标-》点相机图标，app没反应，也不说错误，也不说要登录或者要怎么样的，就是一点反应都没,启动app-》溜达溜达-》地理位置-》左下角红色图标-》点相机图标，app没反应，也不说错误，也不说要登录或者要怎么样的，就是一点反应都没,"[""http:\/\/bos.bj.baidubce.com\/json-api\/v1\/crowdtest-online\/upload\/8301095_8e78beb6-ed5c-4804-a536-ef4024af2877.jpg"",""http:\/\/bos.bj.baidubce.com\/json-api\/v1\/crowdtest-online\/upload\/8301093_4a1fd277-4685-41be-b76d-c8f6260db64e.jpg"",""http:\/\/bos.bj.baidubce.com\/json-api\/v1\/crowdtest-online\/upload\/8301091_c262f02f-cc7e-4ede-a195-ac1a60a74696.jpg"",""http:\/\/bos.bj.baidubce.com\/json-api\/v1\/crowdtest-online\/upload\/8301089_a4a74814-80d2-46cc-aed4-4a36149900df.jpg"",""http:\/\/bos.bj.baidubce.com\/json-api\/v1\/crowdtest-online\/upload\/8301087_dca8d0e2-ba03-48e8-83f8-2ccce891474f.jpg"",""http:\/\/bos.bj.baidubce.com\/json-api\/v1\/crowdtest-online\/upload\/8301084_91e81113-ac64-470d-97c1-7b40cd29a914.jpg"",""http:\/\/bos.bj.baidubce.com\/json-api\/v1\/crowdtest-online\/upload\/8301082_04a2359d-8d28-4fdc-a2eb-f01d213ab8a6.jpg"",""http:\/\/bos.bj.baidubce.com\/json-api\/v1\/crowdtest-online\/upload\/8301078_c14ac152-94e0-4820-a8df-364e8b5858ce.jpg""]",未知,P0,审核通过,2015-12-19 01:09:12,,14
0,779468,急救快通测试,北京市|北京市|昌平区|太平庄北街|,Huawei  S8-701u,Android 4.3,WIFI,unknown,S8-701uV100R001C233B008,启动app-》溜达溜达-》地理位置-》左下角红色图标-》点红色图标左上角第三个评论样子的图标，app没反应，也不说错误，也不说要登录或者要怎么样的，就是一点反应都没,启动app-》溜达溜达-》地理位置-》左下角红色图标-》点红色图标左上角第三个评论样子的图标，app没反应，也不说错误，也不说要登录或者要怎么样的，就是一点反应都没,"[""http:\/\/bos.bj.baidubce.com\/json-api\/v1\/crowdtest-online\/upload\/8301095_8e78beb6-ed5c-4804-a536-ef4024af2877.jpg"",""http:\/\/bos.bj.baidubce.com\/json-api\/v1\/crowdtest-online\/upload\/8301093_4a1fd277-4685-41be-b76d-c8f6260db64e.jpg"",""http:\/\/bos.bj.baidubce.com\/json-api\/v1\/crowdtest-online\/upload\/8301091_c262f02f-cc7e-4ede-a195-ac1a60a74696.jpg"",""http:\/\/bos.bj.baidubce.com\/json-api\/v1\/crowdtest-online\/upload\/8301089_a4a74814-80d2-46cc-aed4-4a36149900df.jpg"",""http:\/\/bos.bj.baidubce.com\/json-api\/v1\/crowdtest-online\/upload\/8301087_dca8d0e2-ba03-48e8-83f8-2ccce891474f.jpg"",""http:\/\/bos.bj.baidubce.com\/json-api\/v1\/crowdtest-online\/upload\/8301084_91e81113-ac64-470d-97c1-7b40cd29a914.jpg"",""http:\/\/bos.bj.baidubce.com\/json-api\/v1\/crowdtest-online\/upload\/8301082_04a2359d-8d28-4fdc-a2eb-f01d213ab8a6.jpg"",""http:\/\/bos.bj.baidubce.com\/json-api\/v1\/crowdtest-online\/upload\/8301078_c14ac152-94e0-4820-a8df-364e8b5858ce.jpg""]",未知,P0,审核通过,2015-12-19 01:09:53,,14
0,779468,急救快通测试,北京市|北京市|昌平区|太平庄北街|,Huawei  S8-701u,Android 4.3,WIFI,unknown,S8-701uV100R001C233B008,启动app-》溜达溜达-》地理位置-》左下角红色图标-》点红色图标左上角第四个像定位样子的图标，app没反应，也不说错误，也不说要登录或者要怎么样的，就是一点反应都没,启动app-》溜达溜达-》地理位置-》左下角红色图标-》点红色图标左上角第四个像定位样子的图标，app没反应，也不说错误，也不说要登录或者要怎么样的，就是一点反应都没,"[""http:\/\/bos.bj.baidubce.com\/json-api\/v1\/crowdtest-online\/upload\/8301095_8e78beb6-ed5c-4804-a536-ef4024af2877.jpg"",""http:\/\/bos.bj.baidubce.com\/json-api\/v1\/crowdtest-online\/upload\/8301093_4a1fd277-4685-41be-b76d-c8f6260db64e.jpg"",""http:\/\/bos.bj.baidubce.com\/json-api\/v1\/crowdtest-online\/upload\/8301091_c262f02f-cc7e-4ede-a195-ac1a60a74696.jpg"",""http:\/\/bos.bj.baidubce.com\/json-api\/v1\/crowdtest-online\/upload\/8301089_a4a74814-80d2-46cc-aed4-4a36149900df.jpg"",""http:\/\/bos.bj.baidubce.com\/json-api\/v1\/crowdtest-online\/upload\/8301087_dca8d0e2-ba03-48e8-83f8-2ccce891474f.jpg"",""http:\/\/bos.bj.baidubce.com\/json-api\/v1\/crowdtest-online\/upload\/8301084_91e81113-ac64-470d-97c1-7b40cd29a914.jpg"",""http:\/\/bos.bj.baidubce.com\/json-api\/v1\/crowdtest-online\/upload\/8301082_04a2359d-8d28-4fdc-a2eb-f01d213ab8a6.jpg"",""http:\/\/bos.bj.baidubce.com\/json-api\/v1\/crowdtest-online\/upload\/8301078_c14ac152-94e0-4820-a8df-364e8b5858ce.jpg""]",未知,P0,审核通过,2015-12-19 01:10:04,,14
0,779468,急救快通测试,北京市|北京市|昌平区|太平庄北街|,Huawei  S8-701u,Android 4.3,WIFI,unknown,S8-701uV100R001C233B008,启动app-》溜达溜达-》在线支付，会弹出支付宝支付和微信支付，点任何一个，app都没反应，连任何提示信息都没有？。。。。。如果要,启动app-》溜达溜达-》在线支付，会弹出支付宝支付和微信支付，点任何一个，app都没反应，连任何提示信息都没有？。。。。。,"[""http:\/\/bos.bj.baidubce.com\/json-api\/v1\/crowdtest-online\/upload\/8301095_8e78beb6-ed5c-4804-a536-ef4024af2877.jpg"",""http:\/\/bos.bj.baidubce.com\/json-api\/v1\/crowdtest-online\/upload\/8301093_4a1fd277-4685-41be-b76d-c8f6260db64e.jpg"",""http:\/\/bos.bj.baidubce.com\/json-api\/v1\/crowdtest-online\/upload\/8301091_c262f02f-cc7e-4ede-a195-ac1a60a74696.jpg"",""http:\/\/bos.bj.baidubce.com\/json-api\/v1\/crowdtest-online\/upload\/8301089_a4a74814-80d2-46cc-aed4-4a36149900df.jpg"",""http:\/\/bos.bj.baidubce.com\/json-api\/v1\/crowdtest-online\/upload\/8301087_dca8d0e2-ba03-48e8-83f8-2ccce891474f.jpg"",""http:\/\/bos.bj.baidubce.com\/json-api\/v1\/crowdtest-online\/upload\/8301084_91e81113-ac64-470d-97c1-7b40cd29a914.jpg"",""http:\/\/bos.bj.baidubce.com\/json-api\/v1\/crowdtest-online\/upload\/8301082_04a2359d-8d28-4fdc-a2eb-f01d213ab8a6.jpg"",""http:\/\/bos.bj.baidubce.com\/json-api\/v1\/crowdtest-online\/upload\/8301078_c14ac152-94e0-4820-a8df-364e8b5858ce.jpg""]",未知,P0,审核通过,2015-12-19 01:10:19,,2
0,779468,急救快通测试,北京市|北京市|昌平区|太平庄北街|,Huawei  S8-701u,Android 4.3,WIFI,unknown,S8-701uV100R001C233B008,启动app-》溜达溜达-》急救状态，app没反应，这个功能做什么的啊，至少给个提示，比如登陆才能使用之类的,启动app-》溜达溜达-》急救状态，app没反应，这个功能做什么的啊，至少给个提示，比如登陆才能使用之类的,"[""http:\/\/bos.bj.baidubce.com\/json-api\/v1\/crowdtest-online\/upload\/8301095_8e78beb6-ed5c-4804-a536-ef4024af2877.jpg"",""http:\/\/bos.bj.baidubce.com\/json-api\/v1\/crowdtest-online\/upload\/8301093_4a1fd277-4685-41be-b76d-c8f6260db64e.jpg"",""http:\/\/bos.bj.baidubce.com\/json-api\/v1\/crowdtest-online\/upload\/8301091_c262f02f-cc7e-4ede-a195-ac1a60a74696.jpg"",""http:\/\/bos.bj.baidubce.com\/json-api\/v1\/crowdtest-online\/upload\/8301089_a4a74814-80d2-46cc-aed4-4a36149900df.jpg"",""http:\/\/bos.bj.baidubce.com\/json-api\/v1\/crowdtest-online\/upload\/8301087_dca8d0e2-ba03-48e8-83f8-2ccce891474f.jpg"",""http:\/\/bos.bj.baidubce.com\/json-api\/v1\/crowdtest-online\/upload\/8301084_91e81113-ac64-470d-97c1-7b40cd29a914.jpg"",""http:\/\/bos.bj.baidubce.com\/json-api\/v1\/crowdtest-online\/upload\/8301082_04a2359d-8d28-4fdc-a2eb-f01d213ab8a6.jpg"",""http:\/\/bos.bj.baidubce.com\/json-api\/v1\/crowdtest-online\/upload\/8301078_c14ac152-94e0-4820-a8df-364e8b5858ce.jpg""]",未知,P0,审核通过,2015-12-19 01:10:48,,7
0,779468,急救快通测试,北京市|北京市|昌平区|太平庄北街|,Huawei  S8-701u,Android 4.3,WIFI,unknown,S8-701uV100R001C233B008,启动app-》溜达溜达-》记录查询，app没反应，这个功能做什么的啊，至少给个提示，比如跳转到登陆页面,启动app-》溜达溜达-》记录查询，app没反应，这个功能做什么的啊，至少给个提示，比如跳转到登陆页面,"[""http:\/\/bos.bj.baidubce.com\/json-api\/v1\/crowdtest-online\/upload\/8301095_8e78beb6-ed5c-4804-a536-ef4024af2877.jpg"",""http:\/\/bos.bj.baidubce.com\/json-api\/v1\/crowdtest-online\/upload\/8301093_4a1fd277-4685-41be-b76d-c8f6260db64e.jpg"",""http:\/\/bos.bj.baidubce.com\/json-api\/v1\/crowdtest-online\/upload\/8301091_c262f02f-cc7e-4ede-a195-ac1a60a74696.jpg"",""http:\/\/bos.bj.baidubce.com\/json-api\/v1\/crowdtest-online\/upload\/8301089_a4a74814-80d2-46cc-aed4-4a36149900df.jpg"",""http:\/\/bos.bj.baidubce.com\/json-api\/v1\/crowdtest-online\/upload\/8301087_dca8d0e2-ba03-48e8-83f8-2ccce891474f.jpg"",""http:\/\/bos.bj.baidubce.com\/json-api\/v1\/crowdtest-online\/upload\/8301084_91e81113-ac64-470d-97c1-7b40cd29a914.jpg"",""http:\/\/bos.bj.baidubce.com\/json-api\/v1\/crowdtest-online\/upload\/8301082_04a2359d-8d28-4fdc-a2eb-f01d213ab8a6.jpg"",""http:\/\/bos.bj.baidubce.com\/json-api\/v1\/crowdtest-online\/upload\/8301078_c14ac152-94e0-4820-a8df-364e8b5858ce.jpg""]",未知,P0,审核通过,2015-12-19 01:11:19,,30
0,779468,急救快通测试,北京市|北京市|昌平区|太平庄北街|,Huawei  S8-701u,Android 4.3,WIFI,unknown,S8-701uV100R001C233B008,启动app-》溜达溜达-》附近医院，在附近医院页面点右上角功能图标，在医院列表页面，点下方第一页右侧，跳到第二页，在翻到第三页，然后按右上角地图图标返回到附近医院地图页面，页面就变成红的了。。。。,启动app-》溜达溜达-》附近医院，在附近医院页面点右上角功能图标，在医院列表页面，点下方第一页右侧，跳到第二页，在翻到第三页，然后按右上角地图图标返回到附近医院地图页面，页面就变成红的了。。。。,"[""http:\/\/bos.bj.baidubce.com\/json-api\/v1\/crowdtest-online\/upload\/8301095_8e78beb6-ed5c-4804-a536-ef4024af2877.jpg"",""http:\/\/bos.bj.baidubce.com\/json-api\/v1\/crowdtest-online\/upload\/8301093_4a1fd277-4685-41be-b76d-c8f6260db64e.jpg"",""http:\/\/bos.bj.baidubce.com\/json-api\/v1\/crowdtest-online\/upload\/8301091_c262f02f-cc7e-4ede-a195-ac1a60a74696.jpg"",""http:\/\/bos.bj.baidubce.com\/json-api\/v1\/crowdtest-online\/upload\/8301089_a4a74814-80d2-46cc-aed4-4a36149900df.jpg"",""http:\/\/bos.bj.baidubce.com\/json-api\/v1\/crowdtest-online\/upload\/8301087_dca8d0e2-ba03-48e8-83f8-2ccce891474f.jpg"",""http:\/\/bos.bj.baidubce.com\/json-api\/v1\/crowdtest-online\/upload\/8301084_91e81113-ac64-470d-97c1-7b40cd29a914.jpg"",""http:\/\/bos.bj.baidubce.com\/json-api\/v1\/crowdtest-online\/upload\/8301082_04a2359d-8d28-4fdc-a2eb-f01d213ab8a6.jpg"",""http:\/\/bos.bj.baidubce.com\/json-api\/v1\/crowdtest-online\/upload\/8301078_c14ac152-94e0-4820-a8df-364e8b5858ce.jpg""]",未知,P0,审核不通过,2015-12-19 01:12:36,,31
0,779468,急救快通测试,北京市|北京市|昌平区|太平庄北街|,Huawei  S8-701u,Android 4.3,WIFI,unknown,S8-701uV100R001C233B008,首页-》附近医院，点下方“去这里”，在点下方“详情”，在这个驾车路线详情页面，手机自带返回键无法到附近医院地图页面，但是左上角的返回可以。也就是手机自带返回键在这个页面的操作错误,首页-》附近医院，点下方“去这里”，在点下方“详情”，在这个驾车路线详情页面，手机自带返回键无法到附近医院地图页面，但是左上角的返回可以。也就是手机自带返回键在这个页面的操作错误,"[""http:\/\/bos.bj.baidubce.com\/json-api\/v1\/crowdtest-online\/upload\/8301095_8e78beb6-ed5c-4804-a536-ef4024af2877.jpg"",""http:\/\/bos.bj.baidubce.com\/json-api\/v1\/crowdtest-online\/upload\/8301093_4a1fd277-4685-41be-b76d-c8f6260db64e.jpg"",""http:\/\/bos.bj.baidubce.com\/json-api\/v1\/crowdtest-online\/upload\/8301091_c262f02f-cc7e-4ede-a195-ac1a60a74696.jpg"",""http:\/\/bos.bj.baidubce.com\/json-api\/v1\/crowdtest-online\/upload\/8301089_a4a74814-80d2-46cc-aed4-4a36149900df.jpg"",""http:\/\/bos.bj.baidubce.com\/json-api\/v1\/crowdtest-online\/upload\/8301087_dca8d0e2-ba03-48e8-83f8-2ccce891474f.jpg"",""http:\/\/bos.bj.baidubce.com\/json-api\/v1\/crowdtest-online\/upload\/8301084_91e81113-ac64-470d-97c1-7b40cd29a914.jpg"",""http:\/\/bos.bj.baidubce.com\/json-api\/v1\/crowdtest-online\/upload\/8301082_04a2359d-8d28-4fdc-a2eb-f01d213ab8a6.jpg"",""http:\/\/bos.bj.baidubce.com\/json-api\/v1\/crowdtest-online\/upload\/8301078_c14ac152-94e0-4820-a8df-364e8b5858ce.jpg""]",未知,P0,审核通过,2015-12-19 01:13:28,,31
0,779468,急救快通测试,北京市|北京市|昌平区|太平庄北街|,Huawei  S8-701u,Android 4.3,WIFI,unknown,S8-701uV100R001C233B008,首页-》附近医院，点右上角图标进入附近医院列表，点这个页面中任何一个医院返回到地图页面看到都一样，并没有高亮刚在列表中选择的医院,首页-》附近医院，点右上角图标进入附近医院列表，点这个页面中任何一个医院返回到地图页面看到都一样，并没有高亮刚在列表中选择的医院,"[""http:\/\/bos.bj.baidubce.com\/json-api\/v1\/crowdtest-online\/upload\/8301095_8e78beb6-ed5c-4804-a536-ef4024af2877.jpg"",""http:\/\/bos.bj.baidubce.com\/json-api\/v1\/crowdtest-online\/upload\/8301093_4a1fd277-4685-41be-b76d-c8f6260db64e.jpg"",""http:\/\/bos.bj.baidubce.com\/json-api\/v1\/crowdtest-online\/upload\/8301091_c262f02f-cc7e-4ede-a195-ac1a60a74696.jpg"",""http:\/\/bos.bj.baidubce.com\/json-api\/v1\/crowdtest-online\/upload\/8301089_a4a74814-80d2-46cc-aed4-4a36149900df.jpg"",""http:\/\/bos.bj.baidubce.com\/json-api\/v1\/crowdtest-online\/upload\/8301087_dca8d0e2-ba03-48e8-83f8-2ccce891474f.jpg"",""http:\/\/bos.bj.baidubce.com\/json-api\/v1\/crowdtest-online\/upload\/8301084_91e81113-ac64-470d-97c1-7b40cd29a914.jpg"",""http:\/\/bos.bj.baidubce.com\/json-api\/v1\/crowdtest-online\/upload\/8301082_04a2359d-8d28-4fdc-a2eb-f01d213ab8a6.jpg"",""http:\/\/bos.bj.baidubce.com\/json-api\/v1\/crowdtest-online\/upload\/8301078_c14ac152-94e0-4820-a8df-364e8b5858ce.jpg""]",未知,P0,审核不通过,2015-12-19 01:14:48,,31
0,779468,急救快通测试,北京市|北京市|昌平区|太平庄北街|,Huawei  S8-701u,Android 4.3,WIFI,unknown,S8-701uV100R001C233B008,首页-》急救手册，看医疗常识，上方有“宝宝误食急救方法”、“儿童食物。。。”等几个图片，点哪个图片进入的页面都一样，并且与图片中的问题并没有关系,首页-》急救手册，看医疗常识，上方有“宝宝误食急救方法”、“儿童食物。。。”等几个图片，点哪个图片进入的页面都一样，并且与图片中的问题并没有关系,"[""http:\/\/bos.bj.baidubce.com\/json-api\/v1\/crowdtest-online\/upload\/8301095_8e78beb6-ed5c-4804-a536-ef4024af2877.jpg"",""http:\/\/bos.bj.baidubce.com\/json-api\/v1\/crowdtest-online\/upload\/8301093_4a1fd277-4685-41be-b76d-c8f6260db64e.jpg"",""http:\/\/bos.bj.baidubce.com\/json-api\/v1\/crowdtest-online\/upload\/8301091_c262f02f-cc7e-4ede-a195-ac1a60a74696.jpg"",""http:\/\/bos.bj.baidubce.com\/json-api\/v1\/crowdtest-online\/upload\/8301089_a4a74814-80d2-46cc-aed4-4a36149900df.jpg"",""http:\/\/bos.bj.baidubce.com\/json-api\/v1\/crowdtest-online\/upload\/8301087_dca8d0e2-ba03-48e8-83f8-2ccce891474f.jpg"",""http:\/\/bos.bj.baidubce.com\/json-api\/v1\/crowdtest-online\/upload\/8301084_91e81113-ac64-470d-97c1-7b40cd29a914.jpg"",""http:\/\/bos.bj.baidubce.com\/json-api\/v1\/crowdtest-online\/upload\/8301082_04a2359d-8d28-4fdc-a2eb-f01d213ab8a6.jpg"",""http:\/\/bos.bj.baidubce.com\/json-api\/v1\/crowdtest-online\/upload\/8301078_c14ac152-94e0-4820-a8df-364e8b5858ce.jpg""]",未知,P0,审核通过,2015-12-19 01:15:28,,21
0,779468,急救快通测试,北京市|北京市|昌平区|太平庄北街|,Huawei  S8-701u,Android 4.3,WIFI,unknown,S8-701uV100R001C233B008,启动app-》溜达溜达-》远程诊断，app没反应，这个功能做什么的啊，至少给个提示，比如跳转到登陆页面,启动app-》溜达溜达-》远程诊断，app没反应，这个功能做什么的啊，至少给个提示，比如跳转到登陆页面,"[""http:\/\/bos.bj.baidubce.com\/json-api\/v1\/crowdtest-online\/upload\/8301095_8e78beb6-ed5c-4804-a536-ef4024af2877.jpg"",""http:\/\/bos.bj.baidubce.com\/json-api\/v1\/crowdtest-online\/upload\/8301093_4a1fd277-4685-41be-b76d-c8f6260db64e.jpg"",""http:\/\/bos.bj.baidubce.com\/json-api\/v1\/crowdtest-online\/upload\/8301091_c262f02f-cc7e-4ede-a195-ac1a60a74696.jpg"",""http:\/\/bos.bj.baidubce.com\/json-api\/v1\/crowdtest-online\/upload\/8301089_a4a74814-80d2-46cc-aed4-4a36149900df.jpg"",""http:\/\/bos.bj.baidubce.com\/json-api\/v1\/crowdtest-online\/upload\/8301087_dca8d0e2-ba03-48e8-83f8-2ccce891474f.jpg"",""http:\/\/bos.bj.baidubce.com\/json-api\/v1\/crowdtest-online\/upload\/8301084_91e81113-ac64-470d-97c1-7b40cd29a914.jpg"",""http:\/\/bos.bj.baidubce.com\/json-api\/v1\/crowdtest-online\/upload\/8301082_04a2359d-8d28-4fdc-a2eb-f01d213ab8a6.jpg"",""http:\/\/bos.bj.baidubce.com\/json-api\/v1\/crowdtest-online\/upload\/8301078_c14ac152-94e0-4820-a8df-364e8b5858ce.jpg""]",未知,P0,审核通过,2015-12-19 01:17:39,,7
0,779468,急救快通测试,北京市|北京市|昌平区|太平庄北街|,Huawei  S8-701u,Android 4.3,WIFI,unknown,S8-701uV100R001C233B008,附近医院功能，并不能随便选定一个点，查看其附近的医院，功能太弱,附近医院功能，并不能随便选定一个点，查看其附近的医院，功能太弱,"[""http:\/\/bos.bj.baidubce.com\/json-api\/v1\/crowdtest-online\/upload\/8301095_8e78beb6-ed5c-4804-a536-ef4024af2877.jpg"",""http:\/\/bos.bj.baidubce.com\/json-api\/v1\/crowdtest-online\/upload\/8301093_4a1fd277-4685-41be-b76d-c8f6260db64e.jpg"",""http:\/\/bos.bj.baidubce.com\/json-api\/v1\/crowdtest-online\/upload\/8301091_c262f02f-cc7e-4ede-a195-ac1a60a74696.jpg"",""http:\/\/bos.bj.baidubce.com\/json-api\/v1\/crowdtest-online\/upload\/8301089_a4a74814-80d2-46cc-aed4-4a36149900df.jpg"",""http:\/\/bos.bj.baidubce.com\/json-api\/v1\/crowdtest-online\/upload\/8301087_dca8d0e2-ba03-48e8-83f8-2ccce891474f.jpg"",""http:\/\/bos.bj.baidubce.com\/json-api\/v1\/crowdtest-online\/upload\/8301084_91e81113-ac64-470d-97c1-7b40cd29a914.jpg"",""http:\/\/bos.bj.baidubce.com\/json-api\/v1\/crowdtest-online\/upload\/8301082_04a2359d-8d28-4fdc-a2eb-f01d213ab8a6.jpg"",""http:\/\/bos.bj.baidubce.com\/json-api\/v1\/crowdtest-online\/upload\/8301078_c14ac152-94e0-4820-a8df-364e8b5858ce.jpg""]",未知,P0,审核不通过,2015-12-19 01:18:55,,31
0,851370,急救快通测试,四川省|南充市|南部县|S101|,Xiaomi  2013022,Android 4.2.1,WIFI,中国移动,HBJ2.0,注册成功后，在完善信息这一环节，居然还要完整的身份证号码？,注册成功后，在完善信息这一环节，居然还要完整的身份证号码？这会吓跑多少潜在用户，现在人们越来越重视个人隐私！,[],未知,P0,审核不通过,2015-12-19 00:47:24,,41
0,1050472,急救快通测试,河北省|邢台市|桥东区|河北路|,Xiaomi  HM NOTE 1LTE,Android 4.4.4,WIFI,中国移动,KTU84P,无法进入二级网页中记录查询和远程诊断,功能测试和方面还可以的，不过，在主菜单的记录查询和远程诊断图标经点击后无法进入坐下一步的测试。,"[""http:\/\/bos.bj.baidubce.com\/json-api\/v1\/crowdtest-online\/upload\/8301807_9789ba8b-3982-46a2-a2d7-fc13f1c6d55b.jpg"",""http:\/\/bos.bj.baidubce.com\/json-api\/v1\/crowdtest-online\/upload\/8301806_eec70f3a-a0f9-40e1-9eaa-11bbde0ab457.jpg"",""http:\/\/bos.bj.baidubce.com\/json-api\/v1\/crowdtest-online\/upload\/8301805_0c8f4718-b61a-4afb-ba14-554d273f3480.jpg"",""http:\/\/bos.bj.baidubce.com\/json-api\/v1\/crowdtest-online\/upload\/8301804_20a2051b-7ed2-498f-878b-a166864c0207.jpg"",""http:\/\/bos.bj.baidubce.com\/json-api\/v1\/crowdtest-online\/upload\/8301803_fc1acaf8-ec56-4009-aba4-65b2e2215c85.jpg"",""http:\/\/bos.bj.baidubce.com\/json-api\/v1\/crowdtest-online\/upload\/8301802_e7184951-e9ed-48fe-9464-5644eebfcb5f.jpg"",""http:\/\/bos.bj.baidubce.com\/json-api\/v1\/crowdtest-online\/upload\/8301801_61865647-e526-4047-ac44-d211c10b4f39.jpg"",""http:\/\/bos.bj.baidubce.com\/json-api\/v1\/crowdtest-online\/upload\/8301799_611468c8-4644-4a9b-974a-cb0a817fcf21.jpg""]",未知,P0,审核通过,2015-12-19 01:26:18,,30
0,1156853,急救快通测试,北京市|北京市|丰台区|马家堡东路|86号,GO  GO N1-Y,Android 4.2.1,WIFI,中国移动,GO N1-Y 20150613-091731,用qq和微信都无法登录,用qq和微信都无法登录，重启后依然如此，wifi网肯定没问题，手机型号青橙手n1y,"[""http:\/\/bos.bj.baidubce.com\/json-api\/v1\/crowdtest-online\/upload\/8307740_b22cb227-10b8-4ea0-bd47-f02e9259fd13.jpg"",""http:\/\/bos.bj.baidubce.com\/json-api\/v1\/crowdtest-online\/upload\/8307737_64e821f8-92de-478a-ade7-64c58e472812.jpg""]",未知,P0,审核通过,2015-12-19 16:34:47,,38
0,1164840,急救快通测试,广东省|深圳市|福田区|北环大道|,Xiaomi  MI NOTE LTE,Android 4.4.4,mobile LTE,中国移动,KTU84P,不能使用qq登陆，一直显示“正在登陆，请稍候。。”,不能使用qq登陆，一直显示“正在登陆，请稍候。。”,[],未知,P0,审核通过,2015-12-19 01:23:55,,12
0,1213537,急救快通测试,河北省|石家庄市|桥西区|槐安西路|95,Xiaomi  2014501,Android 4.4.2,WIFI,中国移动,KOT49H,第三方登陆，qq、微信，第一次无法登陆均需第二次登陆。,第三方登陆，qq、微信，第一次无法登陆均需第二次登陆，第一次登陆时获取授权信息返回应用后提示：网络或服务器失败。 均需再次点击登陆，授权之后才能正常登陆。,"[""http:\/\/bos.bj.baidubce.com\/json-api\/v1\/crowdtest-online\/upload\/8322693_4e72d402-f18c-483f-90f8-ed9fd232ccc2.jpg""]",未知,P0,审核通过,2015-12-19 18:06:54,,11
0,1232397,急救快通测试,辽宁省|大连市|金州区|G202(国泰路)|,Honor  Che1-CL20,Android 4.4.4,WIFI,中国联通,Che1-CL20V100R001CHNC00B282,急救状态 记录查询 远程诊断 功能缺失,急救状态 记录查询 远程诊断 功能缺失 急救状态 记录查询 远程诊断 功能缺失 华为4x wifi,"[""http:\/\/bos.bj.baidubce.com\/json-api\/v1\/crowdtest-online\/upload\/8300785_8509979b-7e21-4019-a259-37e25927f147.jpg""]",未知,P0,审核通过,2015-12-19 01:07:13,,18
0,1321046,急救快通测试,福建省|龙岩市|漳平市|石龟顶路|7号,samsung  SM-G9250,Android 5.1.1,WIFI,无SIM卡,LMY47X.G9250ZTU2COKB,点击到附近医院，在右上角里面选择医院定位的时候，界面就无法显示了,点击到附近医院，在右上角更多选择里面选择其他医院定位之后，跳回地图界面就卡死，无法显示所选择的医院所在位置，之后一直无法恢复,"[""http:\/\/bos.bj.baidubce.com\/json-api\/v1\/crowdtest-online\/upload\/8364140_60f0bb3f-cffb-4808-80b9-201757bed52e.jpg"",""http:\/\/bos.bj.baidubce.com\/json-api\/v1\/crowdtest-online\/upload\/8364139_513a5eb4-c66d-4149-b446-b1d1c41f92b9.jpg"",""http:\/\/bos.bj.baidubce.com\/json-api\/v1\/crowdtest-online\/upload\/8364138_a8c1eacb-6c41-4103-ac8e-4866fd7ca633.jpg"",""http:\/\/bos.bj.baidubce.com\/json-api\/v1\/crowdtest-online\/upload\/8364137_6bb208d1-fc79-4c53-bbeb-9cbb857303d0.jpg""]",未知,P0,审核不通过,2015-12-21 17:11:00,,31
0,1321046,急救快通测试,福建省|龙岩市|漳平市|石龟顶路|7号,samsung  SM-G9250,Android 5.1.1,WIFI,无SIM卡,LMY47X.G9250ZTU2COKB,点击急救状态，记录查询，远程诊断没反应,主界面点击急救状态，记录查询，远程诊断没反应,"[""http:\/\/bos.bj.baidubce.com\/json-api\/v1\/crowdtest-online\/upload\/8364140_60f0bb3f-cffb-4808-80b9-201757bed52e.jpg"",""http:\/\/bos.bj.baidubce.com\/json-api\/v1\/crowdtest-online\/upload\/8364139_513a5eb4-c66d-4149-b446-b1d1c41f92b9.jpg"",""http:\/\/bos.bj.baidubce.com\/json-api\/v1\/crowdtest-online\/upload\/8364138_a8c1eacb-6c41-4103-ac8e-4866fd7ca633.jpg"",""http:\/\/bos.bj.baidubce.com\/json-api\/v1\/crowdtest-online\/upload\/8364137_6bb208d1-fc79-4c53-bbeb-9cbb857303d0.jpg""]",未知,P0,审核通过,2015-12-21 17:10:38,,18
0,2093509,急救快通测试,河北省|衡水市|景县||,samsung  SCH-I959,Android 5.0.1,WIFI,中国电信,LRX22C.I959KEUJOH4,注册成功后，完善信息时，内容已填，但是提交无法通过。,三星i959，铁通10m光钎：注册成功后，完善信息时，内容已填，但是提交无法通过，提示“姓名、年龄、手机号码不能为空。,"[""http:\/\/bos.bj.baidubce.com\/json-api\/v1\/crowdtest-online\/upload\/8327832_c6d46fac-5ff4-40ef-a9ce-e690d1cc2087.jpg""]",未知,P0,审核通过,2015-12-19 19:59:47,,20
0,2329141,急救快通测试,广东省|中山市|中山市市辖区|隆发路|13-b,acer  A500,Android 4.0.3,WIFI,无SIM卡,Acer_AV041_A500_1.070.00_GC_GE,点主菜单页的右上角的城市定位，无法跳转和切换。,点主菜单页的右上角的城市定位，无法跳转和切换。,"[""http:\/\/bos.bj.baidubce.com\/json-api\/v1\/crowdtest-online\/upload\/8324749_3d1e3f67-ad03-4b24-85bd-ac1e5091ba5c.jpg"",""http:\/\/bos.bj.baidubce.com\/json-api\/v1\/crowdtest-online\/upload\/8324748_d8de3a07-5166-4b8b-ba84-ae0188e3f74d.jpg"",""http:\/\/bos.bj.baidubce.com\/json-api\/v1\/crowdtest-online\/upload\/8324747_7b80ce93-0814-4954-b0bd-548abf2210f4.jpg""]",未知,P0,审核通过,2015-12-19 18:05:37,,22
0,2329141,急救快通测试,广东省|中山市|中山市市辖区|隆发路|13-b,acer  A500,Android 4.0.3,WIFI,无SIM卡,Acer_AV041_A500_1.070.00_GC_GE,首次打开程序使用微信登录，在打开的页面确定后会出现服务器错误提示。,首次打开程序使用微信登录，在打开的页面确定后会出现服务器错误提示。,"[""http:\/\/bos.bj.baidubce.com\/json-api\/v1\/crowdtest-online\/upload\/8324749_3d1e3f67-ad03-4b24-85bd-ac1e5091ba5c.jpg"",""http:\/\/bos.bj.baidubce.com\/json-api\/v1\/crowdtest-online\/upload\/8324748_d8de3a07-5166-4b8b-ba84-ae0188e3f74d.jpg"",""http:\/\/bos.bj.baidubce.com\/json-api\/v1\/crowdtest-online\/upload\/8324747_7b80ce93-0814-4954-b0bd-548abf2210f4.jpg""]",未知,P0,审核通过,2015-12-19 18:05:48,,27
0,2329141,急救快通测试,广东省|中山市|中山市市辖区|隆发路|13-b,acer  A500,Android 4.0.3,WIFI,无SIM卡,Acer_AV041_A500_1.070.00_GC_GE,点左上角图标展示个人信息页，点击应用分享，点微信分享，不分享返回会长时间岀现载入并卡住的情况。,点左上角图标展示个人信息页，点击应用分享，点微信分享，不分享返回会长时间岀现载入并卡住的情况。,"[""http:\/\/bos.bj.baidubce.com\/json-api\/v1\/crowdtest-online\/upload\/8324749_3d1e3f67-ad03-4b24-85bd-ac1e5091ba5c.jpg"",""http:\/\/bos.bj.baidubce.com\/json-api\/v1\/crowdtest-online\/upload\/8324748_d8de3a07-5166-4b8b-ba84-ae0188e3f74d.jpg"",""http:\/\/bos.bj.baidubce.com\/json-api\/v1\/crowdtest-online\/upload\/8324747_7b80ce93-0814-4954-b0bd-548abf2210f4.jpg""]",未知,P0,审核通过,2015-12-19 18:07:29,,32
0,2329141,急救快通测试,广东省|中山市|中山市市辖区|隆发路|13-b,acer  A500,Android 4.0.3,WIFI,无SIM卡,Acer_AV041_A500_1.070.00_GC_GE,点主菜单页的右上角的城市定位，无法跳转和切换。,点主菜单页的右上角的城市定位，无法跳转和切换。,"[""http:\/\/bos.bj.baidubce.com\/json-api\/v1\/crowdtest-online\/upload\/8324749_3d1e3f67-ad03-4b24-85bd-ac1e5091ba5c.jpg"",""http:\/\/bos.bj.baidubce.com\/json-api\/v1\/crowdtest-online\/upload\/8324748_d8de3a07-5166-4b8b-ba84-ae0188e3f74d.jpg"",""http:\/\/bos.bj.baidubce.com\/json-api\/v1\/crowdtest-online\/upload\/8324747_7b80ce93-0814-4954-b0bd-548abf2210f4.jpg""]",未知,P0,审核通过,2015-12-19 18:03:45,,22
0,2329141,急救快通测试,广东省|中山市|中山市市辖区|隆发路|13-b,acer  A500,Android 4.0.3,WIFI,无SIM卡,Acer_AV041_A500_1.070.00_GC_GE,在完善了个人信息与定位了为某个城市的情况下，点主菜单在上角图标展开个人信息，显示的所在地及年龄为未知。,在完善了个人信息与定位了为某个城市的情况下，点主菜单在上角图标展开个人信息，显示的所在地及年龄为未知。,"[""http:\/\/bos.bj.baidubce.com\/json-api\/v1\/crowdtest-online\/upload\/8324749_3d1e3f67-ad03-4b24-85bd-ac1e5091ba5c.jpg"",""http:\/\/bos.bj.baidubce.com\/json-api\/v1\/crowdtest-online\/upload\/8324748_d8de3a07-5166-4b8b-ba84-ae0188e3f74d.jpg"",""http:\/\/bos.bj.baidubce.com\/json-api\/v1\/crowdtest-online\/upload\/8324747_7b80ce93-0814-4954-b0bd-548abf2210f4.jpg""]",未知,P0,审核通过,2015-12-19 18:03:21,,33
0,2329141,急救快通测试,广东省|中山市|中山市市辖区|隆发路|13-b,acer  A500,Android 4.0.3,WIFI,无SIM卡,Acer_AV041_A500_1.070.00_GC_GE,有时候已经完善了个人信息，但下次再登录会再要求输入。,有时候已经完善了个人信息，但下次再登录会再要求输入。,"[""http:\/\/bos.bj.baidubce.com\/json-api\/v1\/crowdtest-online\/upload\/8324749_3d1e3f67-ad03-4b24-85bd-ac1e5091ba5c.jpg"",""http:\/\/bos.bj.baidubce.com\/json-api\/v1\/crowdtest-online\/upload\/8324748_d8de3a07-5166-4b8b-ba84-ae0188e3f74d.jpg"",""http:\/\/bos.bj.baidubce.com\/json-api\/v1\/crowdtest-online\/upload\/8324747_7b80ce93-0814-4954-b0bd-548abf2210f4.jpg""]",未知,P0,审核通过,2015-12-19 18:03:04,,39
0,2416479,急救快通测试,浙江省|温州市|瑞安市|世纪大道|,Meizu  m1 note,Android 5.1,MOBILE LTE,中国移动,Flyme OS 5.5.12.17 daily,登陆后完善信息，带*的都填写了还是无法提交，而且手机号点击没反应，无法输入,手机登陆后自动弹出完善信息，填完带*的后点击提交无法提交，说要输入手机号，点击手机号没有弹出输入法，无法输入手机号,"[""http:\/\/bos.bj.baidubce.com\/json-api\/v1\/crowdtest-online\/upload\/8298750_4263299e-a4b3-4b17-86c0-e760a3e8429d.jpg""]",未知,P0,审核通过,2015-12-19 00:53:48,,35
0,2590458,急救快通测试,广东省|广州市|越秀区|长堤路购物休闲街解放南路|123号,AMOI  AMOI N828,Android 4.2.1,WIFI,中国联通,AMOI N828_Emotion20_2542805_20,没有办法使用在线支付,主菜单－在线支付－支付宝支付或微信支付，无反应。夏新n828，安卓4.2.1,"[""http:\/\/bos.bj.baidubce.com\/json-api\/v1\/crowdtest-online\/upload\/8376105_2cfabbe1-559a-486d-a747-17f5b8ccf2e4.jpg"",""http:\/\/bos.bj.baidubce.com\/json-api\/v1\/crowdtest-online\/upload\/8376104_ef89ec28-3af4-43da-9f7a-d26110fd938a.jpg""]",未知,P0,审核通过,2015-12-21 18:31:48,,2
0,2590458,急救快通测试,广东省|广州市|越秀区|长堤路购物休闲街解放南路|123号,AMOI  AMOI N828,Android 4.2.1,WIFI,中国联通,AMOI N828_Emotion20_2542805_20,贴子没办法分享到微信或qq等第三方平台,主菜单－急救手册－用药常识－随便一篇点进去－右上角分享。无反应。夏新n828，安卓4.2.1,"[""http:\/\/bos.bj.baidubce.com\/json-api\/v1\/crowdtest-online\/upload\/8376105_2cfabbe1-559a-486d-a747-17f5b8ccf2e4.jpg"",""http:\/\/bos.bj.baidubce.com\/json-api\/v1\/crowdtest-online\/upload\/8376104_ef89ec28-3af4-43da-9f7a-d26110fd938a.jpg""]",未知,P0,审核通过,2015-12-21 18:32:02,,23
0,2787376,急救快通测试,河北省|石家庄市|栾城县|栾城大街|,Lenovo  Lenovo A750,Android 4.0.3,WIFI,无SIM卡,A750_S306_120530,主页，最下两个按钮未显示,主页，最下两个按钮未显示，还不能向上滑动.....,"[""http:\/\/bos.bj.baidubce.com\/json-api\/v1\/crowdtest-online\/upload\/8299558_6b64134f-b6d4-4e6e-957f-cea7338c8a34.jpg"",""http:\/\/bos.bj.baidubce.com\/json-api\/v1\/crowdtest-online\/upload\/8299557_c10cd4e0-2c6b-4f07-a309-0c0bfa9db624.jpg"",""http:\/\/bos.bj.baidubce.com\/json-api\/v1\/crowdtest-online\/upload\/8299556_80694bba-462f-43d6-860d-56399e0ccbcd.jpg"",""http:\/\/bos.bj.baidubce.com\/json-api\/v1\/crowdtest-online\/upload\/8299555_4a5a2b1b-3f97-47d6-aab0-a7a6ee1c6c14.jpg"",""http:\/\/bos.bj.baidubce.com\/json-api\/v1\/crowdtest-online\/upload\/8299554_3674fe43-2870-4bca-9fe3-fb60d6d1b733.jpg"",""http:\/\/bos.bj.baidubce.com\/json-api\/v1\/crowdtest-online\/upload\/8299553_6d315bb9-ed7a-4c9a-a168-a5b03721ed3f.jpg"",""http:\/\/bos.bj.baidubce.com\/json-api\/v1\/crowdtest-online\/upload\/8299552_51fce191-dada-42dc-b7de-98d5676fa087.jpg"",""http:\/\/bos.bj.baidubce.com\/json-api\/v1\/crowdtest-online\/upload\/8299551_51fee521-d88c-4c33-a81a-8c2f7579626f.jpg"",""http:\/\/bos.bj.baidubce.com\/json-api\/v1\/crowdtest-online\/upload\/8299550_b6c17ebb-5131-4577-87d3-bb1500806258.jpg"",""http:\/\/bos.bj.baidubce.com\/json-api\/v1\/crowdtest-online\/upload\/8299549_54e0296e-b663-4ddf-816b-618b8d070fcc.jpg""]",未知,P0,审核通过,2015-12-19 00:54:39,,40
0,2787376,急救快通测试,河北省|石家庄市|栾城县|栾城大街|,Lenovo  Lenovo A750,Android 4.0.3,WIFI,无SIM卡,A750_S306_120530,个人信息里，点击应用分享，选择信息，显示正在转换为彩信，此时按返回键，显示分享成功，但未进行分享,个人信息里，点击应用分享，选择信息，显示正在转换为彩信，此时按返回键，显示分享成功，但未进行分享,"[""http:\/\/bos.bj.baidubce.com\/json-api\/v1\/crowdtest-online\/upload\/8299558_6b64134f-b6d4-4e6e-957f-cea7338c8a34.jpg"",""http:\/\/bos.bj.baidubce.com\/json-api\/v1\/crowdtest-online\/upload\/8299557_c10cd4e0-2c6b-4f07-a309-0c0bfa9db624.jpg"",""http:\/\/bos.bj.baidubce.com\/json-api\/v1\/crowdtest-online\/upload\/8299556_80694bba-462f-43d6-860d-56399e0ccbcd.jpg"",""http:\/\/bos.bj.baidubce.com\/json-api\/v1\/crowdtest-online\/upload\/8299555_4a5a2b1b-3f97-47d6-aab0-a7a6ee1c6c14.jpg"",""http:\/\/bos.bj.baidubce.com\/json-api\/v1\/crowdtest-online\/upload\/8299554_3674fe43-2870-4bca-9fe3-fb60d6d1b733.jpg"",""http:\/\/bos.bj.baidubce.com\/json-api\/v1\/crowdtest-online\/upload\/8299553_6d315bb9-ed7a-4c9a-a168-a5b03721ed3f.jpg"",""http:\/\/bos.bj.baidubce.com\/json-api\/v1\/crowdtest-online\/upload\/8299552_51fce191-dada-42dc-b7de-98d5676fa087.jpg"",""http:\/\/bos.bj.baidubce.com\/json-api\/v1\/crowdtest-online\/upload\/8299551_51fee521-d88c-4c33-a81a-8c2f7579626f.jpg"",""http:\/\/bos.bj.baidubce.com\/json-api\/v1\/crowdtest-online\/upload\/8299550_b6c17ebb-5131-4577-87d3-bb1500806258.jpg"",""http:\/\/bos.bj.baidubce.com\/json-api\/v1\/crowdtest-online\/upload\/8299549_54e0296e-b663-4ddf-816b-618b8d070fcc.jpg""]",未知,P0,审核通过,2015-12-19 00:54:52,,32
0,2787376,急救快通测试,河北省|石家庄市|栾城县|栾城大街|,Lenovo  Lenovo A750,Android 4.0.3,WIFI,无SIM卡,A750_S306_120530,点击附近医院，查看附近医院列表，点击下一页，点击切换为地图模式，医院列表无法隐藏，会有部分仍显示，下拉才能恢复正常,点击附近医院，查看附近医院列表，点击下一页，点击切换为地图模式，医院列表无法隐藏，会有部分仍显示，下拉才能恢复正常,"[""http:\/\/bos.bj.baidubce.com\/json-api\/v1\/crowdtest-online\/upload\/8299558_6b64134f-b6d4-4e6e-957f-cea7338c8a34.jpg"",""http:\/\/bos.bj.baidubce.com\/json-api\/v1\/crowdtest-online\/upload\/8299557_c10cd4e0-2c6b-4f07-a309-0c0bfa9db624.jpg"",""http:\/\/bos.bj.baidubce.com\/json-api\/v1\/crowdtest-online\/upload\/8299556_80694bba-462f-43d6-860d-56399e0ccbcd.jpg"",""http:\/\/bos.bj.baidubce.com\/json-api\/v1\/crowdtest-online\/upload\/8299555_4a5a2b1b-3f97-47d6-aab0-a7a6ee1c6c14.jpg"",""http:\/\/bos.bj.baidubce.com\/json-api\/v1\/crowdtest-online\/upload\/8299554_3674fe43-2870-4bca-9fe3-fb60d6d1b733.jpg"",""http:\/\/bos.bj.baidubce.com\/json-api\/v1\/crowdtest-online\/upload\/8299553_6d315bb9-ed7a-4c9a-a168-a5b03721ed3f.jpg"",""http:\/\/bos.bj.baidubce.com\/json-api\/v1\/crowdtest-online\/upload\/8299552_51fce191-dada-42dc-b7de-98d5676fa087.jpg"",""http:\/\/bos.bj.baidubce.com\/json-api\/v1\/crowdtest-online\/upload\/8299551_51fee521-d88c-4c33-a81a-8c2f7579626f.jpg"",""http:\/\/bos.bj.baidubce.com\/json-api\/v1\/crowdtest-online\/upload\/8299550_b6c17ebb-5131-4577-87d3-bb1500806258.jpg"",""http:\/\/bos.bj.baidubce.com\/json-api\/v1\/crowdtest-online\/upload\/8299549_54e0296e-b663-4ddf-816b-618b8d070fcc.jpg""]",未知,P0,审核不通过,2015-12-19 00:57:04,,31
0,2787376,急救快通测试,河北省|石家庄市|栾城县|栾城大街|,Lenovo  Lenovo A750,Android 4.0.3,WIFI,无SIM卡,A750_S306_120530,点击附近医院，切换医院列表页，点击返回地图，地图显示为空白,点击附近医院，切换医院列表页，点击返回地图，地图显示为空白,"[""http:\/\/bos.bj.baidubce.com\/json-api\/v1\/crowdtest-online\/upload\/8299558_6b64134f-b6d4-4e6e-957f-cea7338c8a34.jpg"",""http:\/\/bos.bj.baidubce.com\/json-api\/v1\/crowdtest-online\/upload\/8299557_c10cd4e0-2c6b-4f07-a309-0c0bfa9db624.jpg"",""http:\/\/bos.bj.baidubce.com\/json-api\/v1\/crowdtest-online\/upload\/8299556_80694bba-462f-43d6-860d-56399e0ccbcd.jpg"",""http:\/\/bos.bj.baidubce.com\/json-api\/v1\/crowdtest-online\/upload\/8299555_4a5a2b1b-3f97-47d6-aab0-a7a6ee1c6c14.jpg"",""http:\/\/bos.bj.baidubce.com\/json-api\/v1\/crowdtest-online\/upload\/8299554_3674fe43-2870-4bca-9fe3-fb60d6d1b733.jpg"",""http:\/\/bos.bj.baidubce.com\/json-api\/v1\/crowdtest-online\/upload\/8299553_6d315bb9-ed7a-4c9a-a168-a5b03721ed3f.jpg"",""http:\/\/bos.bj.baidubce.com\/json-api\/v1\/crowdtest-online\/upload\/8299552_51fce191-dada-42dc-b7de-98d5676fa087.jpg"",""http:\/\/bos.bj.baidubce.com\/json-api\/v1\/crowdtest-online\/upload\/8299551_51fee521-d88c-4c33-a81a-8c2f7579626f.jpg"",""http:\/\/bos.bj.baidubce.com\/json-api\/v1\/crowdtest-online\/upload\/8299550_b6c17ebb-5131-4577-87d3-bb1500806258.jpg"",""http:\/\/bos.bj.baidubce.com\/json-api\/v1\/crowdtest-online\/upload\/8299549_54e0296e-b663-4ddf-816b-618b8d070fcc.jpg""]",未知,P0,审核不通过,2015-12-19 00:57:52,,31
0,2787376,急救快通测试,河北省|石家庄市|栾城县|栾城大街|,Lenovo  Lenovo A750,Android 4.0.3,WIFI,无SIM卡,A750_S306_120530,点击附近医院，点击任一医院去这里，显示路线规划，路线规划的上工具条的左侧有一条为空白，未能满屏,点击附近医院，点击任一医院去这里，显示路线规划，路线规划的上工具条的左侧有一条为空白，未能满屏,"[""http:\/\/bos.bj.baidubce.com\/json-api\/v1\/crowdtest-online\/upload\/8299558_6b64134f-b6d4-4e6e-957f-cea7338c8a34.jpg"",""http:\/\/bos.bj.baidubce.com\/json-api\/v1\/crowdtest-online\/upload\/8299557_c10cd4e0-2c6b-4f07-a309-0c0bfa9db624.jpg"",""http:\/\/bos.bj.baidubce.com\/json-api\/v1\/crowdtest-online\/upload\/8299556_80694bba-462f-43d6-860d-56399e0ccbcd.jpg"",""http:\/\/bos.bj.baidubce.com\/json-api\/v1\/crowdtest-online\/upload\/8299555_4a5a2b1b-3f97-47d6-aab0-a7a6ee1c6c14.jpg"",""http:\/\/bos.bj.baidubce.com\/json-api\/v1\/crowdtest-online\/upload\/8299554_3674fe43-2870-4bca-9fe3-fb60d6d1b733.jpg"",""http:\/\/bos.bj.baidubce.com\/json-api\/v1\/crowdtest-online\/upload\/8299553_6d315bb9-ed7a-4c9a-a168-a5b03721ed3f.jpg"",""http:\/\/bos.bj.baidubce.com\/json-api\/v1\/crowdtest-online\/upload\/8299552_51fce191-dada-42dc-b7de-98d5676fa087.jpg"",""http:\/\/bos.bj.baidubce.com\/json-api\/v1\/crowdtest-online\/upload\/8299551_51fee521-d88c-4c33-a81a-8c2f7579626f.jpg"",""http:\/\/bos.bj.baidubce.com\/json-api\/v1\/crowdtest-online\/upload\/8299550_b6c17ebb-5131-4577-87d3-bb1500806258.jpg"",""http:\/\/bos.bj.baidubce.com\/json-api\/v1\/crowdtest-online\/upload\/8299549_54e0296e-b663-4ddf-816b-618b8d070fcc.jpg""]",未知,P0,审核不通过,2015-12-19 00:59:27,,36
0,2787376,急救快通测试,河北省|石家庄市|栾城县|栾城大街|,Lenovo  Lenovo A750,Android 4.0.3,WIFI,无SIM卡,A750_S306_120530,点击附近医院，同时截屏，则页面会显示未完成加载,点击附近医院，同时截屏，则页面会显示未完成加载.....,"[""http:\/\/bos.bj.baidubce.com\/json-api\/v1\/crowdtest-online\/upload\/8299558_6b64134f-b6d4-4e6e-957f-cea7338c8a34.jpg"",""http:\/\/bos.bj.baidubce.com\/json-api\/v1\/crowdtest-online\/upload\/8299557_c10cd4e0-2c6b-4f07-a309-0c0bfa9db624.jpg"",""http:\/\/bos.bj.baidubce.com\/json-api\/v1\/crowdtest-online\/upload\/8299556_80694bba-462f-43d6-860d-56399e0ccbcd.jpg"",""http:\/\/bos.bj.baidubce.com\/json-api\/v1\/crowdtest-online\/upload\/8299555_4a5a2b1b-3f97-47d6-aab0-a7a6ee1c6c14.jpg"",""http:\/\/bos.bj.baidubce.com\/json-api\/v1\/crowdtest-online\/upload\/8299554_3674fe43-2870-4bca-9fe3-fb60d6d1b733.jpg"",""http:\/\/bos.bj.baidubce.com\/json-api\/v1\/crowdtest-online\/upload\/8299553_6d315bb9-ed7a-4c9a-a168-a5b03721ed3f.jpg"",""http:\/\/bos.bj.baidubce.com\/json-api\/v1\/crowdtest-online\/upload\/8299552_51fce191-dada-42dc-b7de-98d5676fa087.jpg"",""http:\/\/bos.bj.baidubce.com\/json-api\/v1\/crowdtest-online\/upload\/8299551_51fee521-d88c-4c33-a81a-8c2f7579626f.jpg"",""http:\/\/bos.bj.baidubce.com\/json-api\/v1\/crowdtest-online\/upload\/8299550_b6c17ebb-5131-4577-87d3-bb1500806258.jpg"",""http:\/\/bos.bj.baidubce.com\/json-api\/v1\/crowdtest-online\/upload\/8299549_54e0296e-b663-4ddf-816b-618b8d070fcc.jpg""]",未知,P0,审核通过,2015-12-19 01:27:08,,9
0,2787376,急救快通测试,河北省|石家庄市|栾城县|栾城大街|,Lenovo  Lenovo A750,Android 4.0.3,WIFI,无SIM卡,A750_S306_120530,在附近医院里，点击路线规划的公交选项，在公交页面点击各个选项如步行少等，会出现蓝色大范围边框,在附近医院里，点击路线规划的公交选项，在公交页面点击各个选项如步行少等，会出现蓝色大范围边框,"[""http:\/\/bos.bj.baidubce.com\/json-api\/v1\/crowdtest-online\/upload\/8299558_6b64134f-b6d4-4e6e-957f-cea7338c8a34.jpg"",""http:\/\/bos.bj.baidubce.com\/json-api\/v1\/crowdtest-online\/upload\/8299557_c10cd4e0-2c6b-4f07-a309-0c0bfa9db624.jpg"",""http:\/\/bos.bj.baidubce.com\/json-api\/v1\/crowdtest-online\/upload\/8299556_80694bba-462f-43d6-860d-56399e0ccbcd.jpg"",""http:\/\/bos.bj.baidubce.com\/json-api\/v1\/crowdtest-online\/upload\/8299555_4a5a2b1b-3f97-47d6-aab0-a7a6ee1c6c14.jpg"",""http:\/\/bos.bj.baidubce.com\/json-api\/v1\/crowdtest-online\/upload\/8299554_3674fe43-2870-4bca-9fe3-fb60d6d1b733.jpg"",""http:\/\/bos.bj.baidubce.com\/json-api\/v1\/crowdtest-online\/upload\/8299553_6d315bb9-ed7a-4c9a-a168-a5b03721ed3f.jpg"",""http:\/\/bos.bj.baidubce.com\/json-api\/v1\/crowdtest-online\/upload\/8299552_51fce191-dada-42dc-b7de-98d5676fa087.jpg"",""http:\/\/bos.bj.baidubce.com\/json-api\/v1\/crowdtest-online\/upload\/8299551_51fee521-d88c-4c33-a81a-8c2f7579626f.jpg"",""http:\/\/bos.bj.baidubce.com\/json-api\/v1\/crowdtest-online\/upload\/8299550_b6c17ebb-5131-4577-87d3-bb1500806258.jpg"",""http:\/\/bos.bj.baidubce.com\/json-api\/v1\/crowdtest-online\/upload\/8299549_54e0296e-b663-4ddf-816b-618b8d070fcc.jpg""]",未知,P0,审核不通过,2015-12-19 01:02:21,,36
0,2787376,急救快通测试,河北省|石家庄市|栾城县|栾城大街|,Lenovo  Lenovo A750,Android 4.0.3,WIFI,无SIM卡,A750_S306_120530,在欢迎页点击登录体验，点击微信登录，提示正在拉起授权页面，然后无反应，无任何提示（未安装微信情况下）,在欢迎页点击登录体验，点击微信登录，提示正在拉起授权页面，然后无反应，无任何提示（未安装微信情况下）,"[""http:\/\/bos.bj.baidubce.com\/json-api\/v1\/crowdtest-online\/upload\/8299558_6b64134f-b6d4-4e6e-957f-cea7338c8a34.jpg"",""http:\/\/bos.bj.baidubce.com\/json-api\/v1\/crowdtest-online\/upload\/8299557_c10cd4e0-2c6b-4f07-a309-0c0bfa9db624.jpg"",""http:\/\/bos.bj.baidubce.com\/json-api\/v1\/crowdtest-online\/upload\/8299556_80694bba-462f-43d6-860d-56399e0ccbcd.jpg"",""http:\/\/bos.bj.baidubce.com\/json-api\/v1\/crowdtest-online\/upload\/8299555_4a5a2b1b-3f97-47d6-aab0-a7a6ee1c6c14.jpg"",""http:\/\/bos.bj.baidubce.com\/json-api\/v1\/crowdtest-online\/upload\/8299554_3674fe43-2870-4bca-9fe3-fb60d6d1b733.jpg"",""http:\/\/bos.bj.baidubce.com\/json-api\/v1\/crowdtest-online\/upload\/8299553_6d315bb9-ed7a-4c9a-a168-a5b03721ed3f.jpg"",""http:\/\/bos.bj.baidubce.com\/json-api\/v1\/crowdtest-online\/upload\/8299552_51fce191-dada-42dc-b7de-98d5676fa087.jpg"",""http:\/\/bos.bj.baidubce.com\/json-api\/v1\/crowdtest-online\/upload\/8299551_51fee521-d88c-4c33-a81a-8c2f7579626f.jpg"",""http:\/\/bos.bj.baidubce.com\/json-api\/v1\/crowdtest-online\/upload\/8299550_b6c17ebb-5131-4577-87d3-bb1500806258.jpg"",""http:\/\/bos.bj.baidubce.com\/json-api\/v1\/crowdtest-online\/upload\/8299549_54e0296e-b663-4ddf-816b-618b8d070fcc.jpg""]",未知,P0,审核通过,2015-12-19 01:02:33,,19
0,2787376,急救快通测试,河北省|石家庄市|栾城县|栾城大街|,Lenovo  Lenovo A750,Android 4.0.3,WIFI,无SIM卡,A750_S306_120530,在欢迎页点击溜达溜达，进入后点击个人信息，点击登录无任何反应,在欢迎页点击溜达溜达，进入后点击个人信息，点击登录无任何反应,"[""http:\/\/bos.bj.baidubce.com\/json-api\/v1\/crowdtest-online\/upload\/8299558_6b64134f-b6d4-4e6e-957f-cea7338c8a34.jpg"",""http:\/\/bos.bj.baidubce.com\/json-api\/v1\/crowdtest-online\/upload\/8299557_c10cd4e0-2c6b-4f07-a309-0c0bfa9db624.jpg"",""http:\/\/bos.bj.baidubce.com\/json-api\/v1\/crowdtest-online\/upload\/8299556_80694bba-462f-43d6-860d-56399e0ccbcd.jpg"",""http:\/\/bos.bj.baidubce.com\/json-api\/v1\/crowdtest-online\/upload\/8299555_4a5a2b1b-3f97-47d6-aab0-a7a6ee1c6c14.jpg"",""http:\/\/bos.bj.baidubce.com\/json-api\/v1\/crowdtest-online\/upload\/8299554_3674fe43-2870-4bca-9fe3-fb60d6d1b733.jpg"",""http:\/\/bos.bj.baidubce.com\/json-api\/v1\/crowdtest-online\/upload\/8299553_6d315bb9-ed7a-4c9a-a168-a5b03721ed3f.jpg"",""http:\/\/bos.bj.baidubce.com\/json-api\/v1\/crowdtest-online\/upload\/8299552_51fce191-dada-42dc-b7de-98d5676fa087.jpg"",""http:\/\/bos.bj.baidubce.com\/json-api\/v1\/crowdtest-online\/upload\/8299551_51fee521-d88c-4c33-a81a-8c2f7579626f.jpg"",""http:\/\/bos.bj.baidubce.com\/json-api\/v1\/crowdtest-online\/upload\/8299550_b6c17ebb-5131-4577-87d3-bb1500806258.jpg"",""http:\/\/bos.bj.baidubce.com\/json-api\/v1\/crowdtest-online\/upload\/8299549_54e0296e-b663-4ddf-816b-618b8d070fcc.jpg""]",未知,P0,审核通过,2015-12-19 01:02:47,,37
0,2787376,急救快通测试,河北省|石家庄市|栾城县|栾城大街|,Lenovo  Lenovo A750,Android 4.0.3,WIFI,无SIM卡,A750_S306_120530,点击在线支付，出现的选项中支付宝和微信支付点击都无反应,点击在线支付，出现的选项中支付宝和微信支付点击都无反应,"[""http:\/\/bos.bj.baidubce.com\/json-api\/v1\/crowdtest-online\/upload\/8299558_6b64134f-b6d4-4e6e-957f-cea7338c8a34.jpg"",""http:\/\/bos.bj.baidubce.com\/json-api\/v1\/crowdtest-online\/upload\/8299557_c10cd4e0-2c6b-4f07-a309-0c0bfa9db624.jpg"",""http:\/\/bos.bj.baidubce.com\/json-api\/v1\/crowdtest-online\/upload\/8299556_80694bba-462f-43d6-860d-56399e0ccbcd.jpg"",""http:\/\/bos.bj.baidubce.com\/json-api\/v1\/crowdtest-online\/upload\/8299555_4a5a2b1b-3f97-47d6-aab0-a7a6ee1c6c14.jpg"",""http:\/\/bos.bj.baidubce.com\/json-api\/v1\/crowdtest-online\/upload\/8299554_3674fe43-2870-4bca-9fe3-fb60d6d1b733.jpg"",""http:\/\/bos.bj.baidubce.com\/json-api\/v1\/crowdtest-online\/upload\/8299553_6d315bb9-ed7a-4c9a-a168-a5b03721ed3f.jpg"",""http:\/\/bos.bj.baidubce.com\/json-api\/v1\/crowdtest-online\/upload\/8299552_51fce191-dada-42dc-b7de-98d5676fa087.jpg"",""http:\/\/bos.bj.baidubce.com\/json-api\/v1\/crowdtest-online\/upload\/8299551_51fee521-d88c-4c33-a81a-8c2f7579626f.jpg"",""http:\/\/bos.bj.baidubce.com\/json-api\/v1\/crowdtest-online\/upload\/8299550_b6c17ebb-5131-4577-87d3-bb1500806258.jpg"",""http:\/\/bos.bj.baidubce.com\/json-api\/v1\/crowdtest-online\/upload\/8299549_54e0296e-b663-4ddf-816b-618b8d070fcc.jpg""]",未知,P0,审核通过,2015-12-19 01:02:58,,17
0,2787376,急救快通测试,河北省|石家庄市|栾城县|栾城大街|,Lenovo  Lenovo A750,Android 4.0.3,WIFI,无SIM卡,A750_S306_120530,点击地理位置，点击红色羽毛按钮，出现的选项中除了录音能用，其余选项点击都无反应,点击地理位置，点击红色羽毛按钮，出现的选项中除了录音能用，其余选项点击都无反应，微任务无法添加更多图片,"[""http:\/\/bos.bj.baidubce.com\/json-api\/v1\/crowdtest-online\/upload\/8299558_6b64134f-b6d4-4e6e-957f-cea7338c8a34.jpg"",""http:\/\/bos.bj.baidubce.com\/json-api\/v1\/crowdtest-online\/upload\/8299557_c10cd4e0-2c6b-4f07-a309-0c0bfa9db624.jpg"",""http:\/\/bos.bj.baidubce.com\/json-api\/v1\/crowdtest-online\/upload\/8299556_80694bba-462f-43d6-860d-56399e0ccbcd.jpg"",""http:\/\/bos.bj.baidubce.com\/json-api\/v1\/crowdtest-online\/upload\/8299555_4a5a2b1b-3f97-47d6-aab0-a7a6ee1c6c14.jpg"",""http:\/\/bos.bj.baidubce.com\/json-api\/v1\/crowdtest-online\/upload\/8299554_3674fe43-2870-4bca-9fe3-fb60d6d1b733.jpg"",""http:\/\/bos.bj.baidubce.com\/json-api\/v1\/crowdtest-online\/upload\/8299553_6d315bb9-ed7a-4c9a-a168-a5b03721ed3f.jpg"",""http:\/\/bos.bj.baidubce.com\/json-api\/v1\/crowdtest-online\/upload\/8299552_51fce191-dada-42dc-b7de-98d5676fa087.jpg"",""http:\/\/bos.bj.baidubce.com\/json-api\/v1\/crowdtest-online\/upload\/8299551_51fee521-d88c-4c33-a81a-8c2f7579626f.jpg"",""http:\/\/bos.bj.baidubce.com\/json-api\/v1\/crowdtest-online\/upload\/8299550_b6c17ebb-5131-4577-87d3-bb1500806258.jpg"",""http:\/\/bos.bj.baidubce.com\/json-api\/v1\/crowdtest-online\/upload\/8299549_54e0296e-b663-4ddf-816b-618b8d070fcc.jpg""]",未知,P0,审核通过,2015-12-19 01:03:28,,28
0,2787376,急救快通测试,河北省|石家庄市|栾城县|栾城大街|,Lenovo  Lenovo A750,Android 4.0.3,WIFI,无SIM卡,A750_S306_120530,点击地理位置，切换程序，重新切换回来后，一直显示正在重新建立连接,点击地理位置，切换程序，重新切换回来后，一直显示正在重新建立连接，（图片在上传要求的截图里提交的）,"[""http:\/\/bos.bj.baidubce.com\/json-api\/v1\/crowdtest-online\/upload\/8299558_6b64134f-b6d4-4e6e-957f-cea7338c8a34.jpg"",""http:\/\/bos.bj.baidubce.com\/json-api\/v1\/crowdtest-online\/upload\/8299557_c10cd4e0-2c6b-4f07-a309-0c0bfa9db624.jpg"",""http:\/\/bos.bj.baidubce.com\/json-api\/v1\/crowdtest-online\/upload\/8299556_80694bba-462f-43d6-860d-56399e0ccbcd.jpg"",""http:\/\/bos.bj.baidubce.com\/json-api\/v1\/crowdtest-online\/upload\/8299555_4a5a2b1b-3f97-47d6-aab0-a7a6ee1c6c14.jpg"",""http:\/\/bos.bj.baidubce.com\/json-api\/v1\/crowdtest-online\/upload\/8299554_3674fe43-2870-4bca-9fe3-fb60d6d1b733.jpg"",""http:\/\/bos.bj.baidubce.com\/json-api\/v1\/crowdtest-online\/upload\/8299553_6d315bb9-ed7a-4c9a-a168-a5b03721ed3f.jpg"",""http:\/\/bos.bj.baidubce.com\/json-api\/v1\/crowdtest-online\/upload\/8299552_51fce191-dada-42dc-b7de-98d5676fa087.jpg"",""http:\/\/bos.bj.baidubce.com\/json-api\/v1\/crowdtest-online\/upload\/8299551_51fee521-d88c-4c33-a81a-8c2f7579626f.jpg"",""http:\/\/bos.bj.baidubce.com\/json-api\/v1\/crowdtest-online\/upload\/8299550_b6c17ebb-5131-4577-87d3-bb1500806258.jpg"",""http:\/\/bos.bj.baidubce.com\/json-api\/v1\/crowdtest-online\/upload\/8299549_54e0296e-b663-4ddf-816b-618b8d070fcc.jpg""]",未知,P0,审核通过,2015-12-19 01:04:11,,26
0,2787376,急救快通测试,河北省|石家庄市|栾城县|栾城大街|,Lenovo  Lenovo A750,Android 4.0.3,WIFI,无SIM卡,A750_S306_120530,首页里，急救状态、记录查询、远程诊断点击后都无反应,首页里，急救状态、记录查询、远程诊断点击后都无反应....,"[""http:\/\/bos.bj.baidubce.com\/json-api\/v1\/crowdtest-online\/upload\/8299558_6b64134f-b6d4-4e6e-957f-cea7338c8a34.jpg"",""http:\/\/bos.bj.baidubce.com\/json-api\/v1\/crowdtest-online\/upload\/8299557_c10cd4e0-2c6b-4f07-a309-0c0bfa9db624.jpg"",""http:\/\/bos.bj.baidubce.com\/json-api\/v1\/crowdtest-online\/upload\/8299556_80694bba-462f-43d6-860d-56399e0ccbcd.jpg"",""http:\/\/bos.bj.baidubce.com\/json-api\/v1\/crowdtest-online\/upload\/8299555_4a5a2b1b-3f97-47d6-aab0-a7a6ee1c6c14.jpg"",""http:\/\/bos.bj.baidubce.com\/json-api\/v1\/crowdtest-online\/upload\/8299554_3674fe43-2870-4bca-9fe3-fb60d6d1b733.jpg"",""http:\/\/bos.bj.baidubce.com\/json-api\/v1\/crowdtest-online\/upload\/8299553_6d315bb9-ed7a-4c9a-a168-a5b03721ed3f.jpg"",""http:\/\/bos.bj.baidubce.com\/json-api\/v1\/crowdtest-online\/upload\/8299552_51fce191-dada-42dc-b7de-98d5676fa087.jpg"",""http:\/\/bos.bj.baidubce.com\/json-api\/v1\/crowdtest-online\/upload\/8299551_51fee521-d88c-4c33-a81a-8c2f7579626f.jpg"",""http:\/\/bos.bj.baidubce.com\/json-api\/v1\/crowdtest-online\/upload\/8299550_b6c17ebb-5131-4577-87d3-bb1500806258.jpg"",""http:\/\/bos.bj.baidubce.com\/json-api\/v1\/crowdtest-online\/upload\/8299549_54e0296e-b663-4ddf-816b-618b8d070fcc.jpg""]",未知,P0,审核通过,2015-12-19 01:04:29,,18
0,2787376,急救快通测试,河北省|石家庄市|栾城县|栾城大街|,Lenovo  Lenovo A750,Android 4.0.3,WIFI,无SIM卡,A750_S306_120530,在急救手册里，点击医疗常识，点击用药常识，点击任一详情，分享按钮不能使用，无反应,在急救手册里，点击医疗常识，点击用药常识，点击任一详情，分享按钮不能使用，无反应，（图片在上传要求的截图里提交的）,"[""http:\/\/bos.bj.baidubce.com\/json-api\/v1\/crowdtest-online\/upload\/8299558_6b64134f-b6d4-4e6e-957f-cea7338c8a34.jpg"",""http:\/\/bos.bj.baidubce.com\/json-api\/v1\/crowdtest-online\/upload\/8299557_c10cd4e0-2c6b-4f07-a309-0c0bfa9db624.jpg"",""http:\/\/bos.bj.baidubce.com\/json-api\/v1\/crowdtest-online\/upload\/8299556_80694bba-462f-43d6-860d-56399e0ccbcd.jpg"",""http:\/\/bos.bj.baidubce.com\/json-api\/v1\/crowdtest-online\/upload\/8299555_4a5a2b1b-3f97-47d6-aab0-a7a6ee1c6c14.jpg"",""http:\/\/bos.bj.baidubce.com\/json-api\/v1\/crowdtest-online\/upload\/8299554_3674fe43-2870-4bca-9fe3-fb60d6d1b733.jpg"",""http:\/\/bos.bj.baidubce.com\/json-api\/v1\/crowdtest-online\/upload\/8299553_6d315bb9-ed7a-4c9a-a168-a5b03721ed3f.jpg"",""http:\/\/bos.bj.baidubce.com\/json-api\/v1\/crowdtest-online\/upload\/8299552_51fce191-dada-42dc-b7de-98d5676fa087.jpg"",""http:\/\/bos.bj.baidubce.com\/json-api\/v1\/crowdtest-online\/upload\/8299551_51fee521-d88c-4c33-a81a-8c2f7579626f.jpg"",""http:\/\/bos.bj.baidubce.com\/json-api\/v1\/crowdtest-online\/upload\/8299550_b6c17ebb-5131-4577-87d3-bb1500806258.jpg"",""http:\/\/bos.bj.baidubce.com\/json-api\/v1\/crowdtest-online\/upload\/8299549_54e0296e-b663-4ddf-816b-618b8d070fcc.jpg""]",未知,P0,审核不通过,2015-12-19 01:05:10,,21
0,2874713,急救快通测试,云南省|文山壮族苗族自治州|马关县|骏城路|31号,vivo  vivo Y23L,Android 4.4.4,WIFI,中国移动,KTU84P dev-keys,软件界面有文字重叠显示。,注册，登录，点击当前位置定位，定位以后，位置信息显示与菜单名称显示相重叠。,"[""http:\/\/bos.bj.baidubce.com\/json-api\/v1\/crowdtest-online\/upload\/8320731_315dd43e-0865-49fe-8c33-ae00cca383ed.jpg""]",未知,P0,审核通过,2015-12-19 16:56:22,,29
0,3056766,急救快通测试,安徽省|合肥市|肥西县|万泉河路|,Xiaomi  HM NOTE 1S,Android 4.4.4,WIFI,中国移动,KTU84P,查找医院使用导航功能太不智能，误导会耽误时间和病情了。,起点和终点设置实际只有10米路，利用查找功能居然要800。同一个小区居然要绕小区外围走整半圈再找到目标点，我也是醉了。,"[""http:\/\/bos.bj.baidubce.com\/json-api\/v1\/crowdtest-online\/upload\/8300850_822d27f2-28c7-4b2e-b41d-a0c21265aec9.jpg"",""http:\/\/bos.bj.baidubce.com\/json-api\/v1\/crowdtest-online\/upload\/8300849_0a0a3b07-eda9-4e84-9122-57daf220b185.jpg"",""http:\/\/bos.bj.baidubce.com\/json-api\/v1\/crowdtest-online\/upload\/8300848_2763943d-5d75-44ed-a942-be69f520b1ee.jpg"",""http:\/\/bos.bj.baidubce.com\/json-api\/v1\/crowdtest-online\/upload\/8300847_01b9064b-3e12-4321-be5c-b2ef38644ca3.jpg""]",未知,P0,审核不通过,2015-12-19 01:07:32,,36
0,3105885,急救快通测试,河北省|石家庄市|正定县|育英街|,Xiaomi  HM NOTE 1W,Android 4.2.2,WIFI,中国联通,JH3CN0.0-e8c490ca606638294c0cd,点击地理位置 无法定位打开app,打开app 点击定位 一直显示定位中请稍等,"[""http:\/\/bos.bj.baidubce.com\/json-api\/v1\/crowdtest-online\/upload\/8319260_2714c93c-cb7a-4774-8d55-8ced13180e89.jpg"",""http:\/\/bos.bj.baidubce.com\/json-api\/v1\/crowdtest-online\/upload\/8319259_d13d54e3-66a4-4455-84c7-33a1909ed56d.jpg"",""http:\/\/bos.bj.baidubce.com\/json-api\/v1\/crowdtest-online\/upload\/8319258_2117f3e3-ed15-4c77-a9e3-76893b528906.jpg"",""http:\/\/bos.bj.baidubce.com\/json-api\/v1\/crowdtest-online\/upload\/8319257_bc8073aa-4c24-457e-b9f3-9f79c1611130.jpg"",""http:\/\/bos.bj.baidubce.com\/json-api\/v1\/crowdtest-online\/upload\/8319256_b31e8da5-8780-4a9e-952f-018ecf47ff1e.jpg""]",未知,P0,审核通过,2015-12-19 16:52:47,,29
0,3105885,急救快通测试,河北省|石家庄市|正定县|育英街|,Xiaomi  HM NOTE 1W,Android 4.2.2,WIFI,中国联通,JH3CN0.0-e8c490ca606638294c0cd,打开地理位置  里面地图是空的 对方状态显示未知,打开app 点击地理位置 里面地图空的 对方状态位置 几分钟后又显示正在重新建立连接,"[""http:\/\/bos.bj.baidubce.com\/json-api\/v1\/crowdtest-online\/upload\/8319260_2714c93c-cb7a-4774-8d55-8ced13180e89.jpg"",""http:\/\/bos.bj.baidubce.com\/json-api\/v1\/crowdtest-online\/upload\/8319259_d13d54e3-66a4-4455-84c7-33a1909ed56d.jpg"",""http:\/\/bos.bj.baidubce.com\/json-api\/v1\/crowdtest-online\/upload\/8319258_2117f3e3-ed15-4c77-a9e3-76893b528906.jpg"",""http:\/\/bos.bj.baidubce.com\/json-api\/v1\/crowdtest-online\/upload\/8319257_bc8073aa-4c24-457e-b9f3-9f79c1611130.jpg"",""http:\/\/bos.bj.baidubce.com\/json-api\/v1\/crowdtest-online\/upload\/8319256_b31e8da5-8780-4a9e-952f-018ecf47ff1e.jpg""]",未知,P0,审核不通过,2015-12-19 16:54:34,,26
0,3105885,急救快通测试,河北省|石家庄市|正定县|育英街|,Xiaomi  HM NOTE 1W,Android 4.2.2,WIFI,中国联通,JH3CN0.0-e8c490ca606638294c0cd,打开附近医院  显示未完成加载,打开app 点击附近医院  显示一直加载中 几秒后显示未完成加载,"[""http:\/\/bos.bj.baidubce.com\/json-api\/v1\/crowdtest-online\/upload\/8319260_2714c93c-cb7a-4774-8d55-8ced13180e89.jpg"",""http:\/\/bos.bj.baidubce.com\/json-api\/v1\/crowdtest-online\/upload\/8319259_d13d54e3-66a4-4455-84c7-33a1909ed56d.jpg"",""http:\/\/bos.bj.baidubce.com\/json-api\/v1\/crowdtest-online\/upload\/8319258_2117f3e3-ed15-4c77-a9e3-76893b528906.jpg"",""http:\/\/bos.bj.baidubce.com\/json-api\/v1\/crowdtest-online\/upload\/8319257_bc8073aa-4c24-457e-b9f3-9f79c1611130.jpg"",""http:\/\/bos.bj.baidubce.com\/json-api\/v1\/crowdtest-online\/upload\/8319256_b31e8da5-8780-4a9e-952f-018ecf47ff1e.jpg""]",未知,P0,审核通过,2015-12-19 16:54:48,,9
0,3426390,急救快通测试,广东省|广州市|天河区|北环路|1号,Xiaomi  MI 3,Android 4.4.4,WIFI,中国联通,KTU84P,用qq方式登录有问题会在第一次和第二次都登录不上,进入登录界面，第一次点击用qq登录时，在弹出的qq界面登录成功后，自己窗体的消息是“连接不上服务器”，这时再点qq连接，这时弹出一个旋转等待对话框，会一直在那里转，这时按返回键，再用qq方式登录才能正常登录（反复尝试了三次以上都是这样，每次都是重新进入app）,"[""http:\/\/bos.bj.baidubce.com\/json-api\/v1\/crowdtest-online\/upload\/8302156_4922b216-b18d-44a6-bb75-0dd2c33f1535.jpg"",""http:\/\/bos.bj.baidubce.com\/json-api\/v1\/crowdtest-online\/upload\/8302155_302496f7-83ed-4440-bb5f-b0bf3942b79c.jpg"",""http:\/\/bos.bj.baidubce.com\/json-api\/v1\/crowdtest-online\/upload\/8302154_8c4196ad-2247-4190-a375-d9a9bb6a204e.jpg""]",未知,P0,审核通过,2015-12-19 01:21:15,,38
0,3426390,急救快通测试,广东省|广州市|天河区|北环路|1号,Xiaomi  MI 3,Android 4.4.4,WIFI,中国联通,KTU84P,完善信息时消息提示不正常,完善信息时消息提示不正常，明明姓名、身份证、手机号码都已经填写，但是就是提示姓名、身份证、手机号码不能为空,"[""http:\/\/bos.bj.baidubce.com\/json-api\/v1\/crowdtest-online\/upload\/8302156_4922b216-b18d-44a6-bb75-0dd2c33f1535.jpg"",""http:\/\/bos.bj.baidubce.com\/json-api\/v1\/crowdtest-online\/upload\/8302155_302496f7-83ed-4440-bb5f-b0bf3942b79c.jpg"",""http:\/\/bos.bj.baidubce.com\/json-api\/v1\/crowdtest-online\/upload\/8302154_8c4196ad-2247-4190-a375-d9a9bb6a204e.jpg""]",未知,P0,审核通过,2015-12-19 01:26:11,,20
0,3426390,急救快通测试,广东省|广州市|天河区|北环路|1号,Xiaomi  MI 3,Android 4.4.4,WIFI,中国联通,KTU84P,输入身份证号码的键盘框老是闪跳,每输入4、5个左右的字符时，键盘框总要闪一下，有种崩溃然后再恢复过来的感觉。,"[""http:\/\/bos.bj.baidubce.com\/json-api\/v1\/crowdtest-online\/upload\/8302156_4922b216-b18d-44a6-bb75-0dd2c33f1535.jpg"",""http:\/\/bos.bj.baidubce.com\/json-api\/v1\/crowdtest-online\/upload\/8302155_302496f7-83ed-4440-bb5f-b0bf3942b79c.jpg"",""http:\/\/bos.bj.baidubce.com\/json-api\/v1\/crowdtest-online\/upload\/8302154_8c4196ad-2247-4190-a375-d9a9bb6a204e.jpg""]",未知,P0,审核不通过,2015-12-19 01:21:39,,35
0,3856589,急救快通测试,上海市|上海市|闵行区|吴漕路|898,Xiaomi  HM 1SW,Android 4.3,WIFI,中国联通,JLS36C,急救状态、记录查询、远程诊断点着没有反应,1、打开急救快通 2、急救状态、记录查询、远程诊断点着没有反应，别的都可以点开 3、手机型号：红米，网络：电信wifi,"[""http:\/\/bos.bj.baidubce.com\/json-api\/v1\/crowdtest-online\/upload\/8301255_2a578595-2c52-4615-a9c4-3311d7a480d9.jpg""]",未知,P0,审核通过,2015-12-19 01:24:02,,18
0,4850833,急救快通测试,北京市|北京市|昌平区|X021(东北路)|,Amazon  KFTT,Android 4.0.3,WIFI,无SIM卡,IML74K,急救手册，滚动图片拉伸严重变形。左上角划出的菜单时登录，但点击【立即登录】，登录页面显示的却是“登陆”。,急救手册，滚动图片拉伸严重变形。左上角划出的菜单时登录，但点击【立即登录】，登录页面显示的却是“登陆”。,"[""http:\/\/bos.bj.baidubce.com\/json-api\/v1\/crowdtest-online\/upload\/8344188_955cc4bc-1b5c-4b63-8e9c-fdf2f5355891.jpg"",""http:\/\/bos.bj.baidubce.com\/json-api\/v1\/crowdtest-online\/upload\/8344187_ebd9126f-f007-49a0-8f40-b525c47d7bda.jpg"",""http:\/\/bos.bj.baidubce.com\/json-api\/v1\/crowdtest-online\/upload\/8344186_a5830ee3-3624-41ed-804b-acc1cba56db8.jpg"",""http:\/\/bos.bj.baidubce.com\/json-api\/v1\/crowdtest-online\/upload\/8344185_92f7a7f9-385d-4b02-bef2-56e3796d85ac.jpg"",""http:\/\/bos.bj.baidubce.com\/json-api\/v1\/crowdtest-online\/upload\/8344184_f82abe37-4e05-4c7c-9d94-7be0bbde5c9f.jpg"",""http:\/\/bos.bj.baidubce.com\/json-api\/v1\/crowdtest-online\/upload\/8344183_b4fbb6c5-4804-4d2b-ad69-b70816b2a8fe.jpg"",""http:\/\/bos.bj.baidubce.com\/json-api\/v1\/crowdtest-online\/upload\/8344182_14be98ab-fc64-4d69-a443-578045923b49.jpg"",""http:\/\/bos.bj.baidubce.com\/json-api\/v1\/crowdtest-online\/upload\/8344181_a4220924-d85b-40ca-93fd-2e1a766ed12d.jpg"",""http:\/\/bos.bj.baidubce.com\/json-api\/v1\/crowdtest-online\/upload\/8344180_22860759-e847-4494-9ea3-c3b9c41edd49.jpg""]",未知,P0,审核通过,2015-12-21 09:50:41,,38
0,4850833,急救快通测试,北京市|北京市|昌平区|X021(东北路)|,Amazon  KFTT,Android 4.0.3,WIFI,无SIM卡,IML74K,点击急救状态、记录查询、远程诊断、在线支付弹出的支付宝和微信支付，app无任何响应。,点击急救状态、记录查询、远程诊断、在线支付弹出的支付宝和微信支付，app无任何响应。,"[""http:\/\/bos.bj.baidubce.com\/json-api\/v1\/crowdtest-online\/upload\/8344188_955cc4bc-1b5c-4b63-8e9c-fdf2f5355891.jpg"",""http:\/\/bos.bj.baidubce.com\/json-api\/v1\/crowdtest-online\/upload\/8344187_ebd9126f-f007-49a0-8f40-b525c47d7bda.jpg"",""http:\/\/bos.bj.baidubce.com\/json-api\/v1\/crowdtest-online\/upload\/8344186_a5830ee3-3624-41ed-804b-acc1cba56db8.jpg"",""http:\/\/bos.bj.baidubce.com\/json-api\/v1\/crowdtest-online\/upload\/8344185_92f7a7f9-385d-4b02-bef2-56e3796d85ac.jpg"",""http:\/\/bos.bj.baidubce.com\/json-api\/v1\/crowdtest-online\/upload\/8344184_f82abe37-4e05-4c7c-9d94-7be0bbde5c9f.jpg"",""http:\/\/bos.bj.baidubce.com\/json-api\/v1\/crowdtest-online\/upload\/8344183_b4fbb6c5-4804-4d2b-ad69-b70816b2a8fe.jpg"",""http:\/\/bos.bj.baidubce.com\/json-api\/v1\/crowdtest-online\/upload\/8344182_14be98ab-fc64-4d69-a443-578045923b49.jpg"",""http:\/\/bos.bj.baidubce.com\/json-api\/v1\/crowdtest-online\/upload\/8344181_a4220924-d85b-40ca-93fd-2e1a766ed12d.jpg"",""http:\/\/bos.bj.baidubce.com\/json-api\/v1\/crowdtest-online\/upload\/8344180_22860759-e847-4494-9ea3-c3b9c41edd49.jpg""]",未知,P0,审核通过,2015-12-21 09:50:47,,17
0,4850833,急救快通测试,北京市|北京市|昌平区|X021(东北路)|,Amazon  KFTT,Android 4.0.3,WIFI,无SIM卡,IML74K,本机没有安装微信。登陆界面，点击微信，提示正在拉起授权页面；但并没有真正拉起授权页面。不像个人信息页面的应用分享的微信分享，会提示版本过低或未安装。,本机没有安装微信。登陆界面，点击微信，提示正在拉起授权页面；但并没有真正拉起授权页面。不像个人信息页面的应用分享的微信分享，会提示版本过低或未安装。,"[""http:\/\/bos.bj.baidubce.com\/json-api\/v1\/crowdtest-online\/upload\/8344188_955cc4bc-1b5c-4b63-8e9c-fdf2f5355891.jpg"",""http:\/\/bos.bj.baidubce.com\/json-api\/v1\/crowdtest-online\/upload\/8344187_ebd9126f-f007-49a0-8f40-b525c47d7bda.jpg"",""http:\/\/bos.bj.baidubce.com\/json-api\/v1\/crowdtest-online\/upload\/8344186_a5830ee3-3624-41ed-804b-acc1cba56db8.jpg"",""http:\/\/bos.bj.baidubce.com\/json-api\/v1\/crowdtest-online\/upload\/8344185_92f7a7f9-385d-4b02-bef2-56e3796d85ac.jpg"",""http:\/\/bos.bj.baidubce.com\/json-api\/v1\/crowdtest-online\/upload\/8344184_f82abe37-4e05-4c7c-9d94-7be0bbde5c9f.jpg"",""http:\/\/bos.bj.baidubce.com\/json-api\/v1\/crowdtest-online\/upload\/8344183_b4fbb6c5-4804-4d2b-ad69-b70816b2a8fe.jpg"",""http:\/\/bos.bj.baidubce.com\/json-api\/v1\/crowdtest-online\/upload\/8344182_14be98ab-fc64-4d69-a443-578045923b49.jpg"",""http:\/\/bos.bj.baidubce.com\/json-api\/v1\/crowdtest-online\/upload\/8344181_a4220924-d85b-40ca-93fd-2e1a766ed12d.jpg"",""http:\/\/bos.bj.baidubce.com\/json-api\/v1\/crowdtest-online\/upload\/8344180_22860759-e847-4494-9ea3-c3b9c41edd49.jpg""]",未知,P0,审核不通过,2015-12-21 09:53:54,,32
0,4850833,急救快通测试,北京市|北京市|昌平区|X021(东北路)|,Amazon  KFTT,Android 4.0.3,WIFI,无SIM卡,IML74K,注册页面输入手机号和密码，进入完善信息页面。年龄处输入1991，则可以正确计算年龄为24。输入5896，结果计算的年龄是-3181。,注册页面输入手机号和密码，进入完善信息页面。年龄处输入1991，则可以正确计算年龄为24。输入5896，结果计算的年龄是-3181。,"[""http:\/\/bos.bj.baidubce.com\/json-api\/v1\/crowdtest-online\/upload\/8344188_955cc4bc-1b5c-4b63-8e9c-fdf2f5355891.jpg"",""http:\/\/bos.bj.baidubce.com\/json-api\/v1\/crowdtest-online\/upload\/8344187_ebd9126f-f007-49a0-8f40-b525c47d7bda.jpg"",""http:\/\/bos.bj.baidubce.com\/json-api\/v1\/crowdtest-online\/upload\/8344186_a5830ee3-3624-41ed-804b-acc1cba56db8.jpg"",""http:\/\/bos.bj.baidubce.com\/json-api\/v1\/crowdtest-online\/upload\/8344185_92f7a7f9-385d-4b02-bef2-56e3796d85ac.jpg"",""http:\/\/bos.bj.baidubce.com\/json-api\/v1\/crowdtest-online\/upload\/8344184_f82abe37-4e05-4c7c-9d94-7be0bbde5c9f.jpg"",""http:\/\/bos.bj.baidubce.com\/json-api\/v1\/crowdtest-online\/upload\/8344183_b4fbb6c5-4804-4d2b-ad69-b70816b2a8fe.jpg"",""http:\/\/bos.bj.baidubce.com\/json-api\/v1\/crowdtest-online\/upload\/8344182_14be98ab-fc64-4d69-a443-578045923b49.jpg"",""http:\/\/bos.bj.baidubce.com\/json-api\/v1\/crowdtest-online\/upload\/8344181_a4220924-d85b-40ca-93fd-2e1a766ed12d.jpg"",""http:\/\/bos.bj.baidubce.com\/json-api\/v1\/crowdtest-online\/upload\/8344180_22860759-e847-4494-9ea3-c3b9c41edd49.jpg""]",未知,P0,审核通过,2015-12-21 09:52:54,,34
0,4850833,急救快通测试,北京市|北京市|昌平区|X021(东北路)|,Amazon  KFTT,Android 4.0.3,WIFI,无SIM卡,IML74K,登陆成功后，退出重新登陆。在个人信息页面的年龄是未知。但实际完善信息是有年龄的-3881岁。,登陆成功后，退出重新登陆。在个人信息页面的年龄是未知。但实际完善信息是有年龄的-3881岁。,"[""http:\/\/bos.bj.baidubce.com\/json-api\/v1\/crowdtest-online\/upload\/8344188_955cc4bc-1b5c-4b63-8e9c-fdf2f5355891.jpg"",""http:\/\/bos.bj.baidubce.com\/json-api\/v1\/crowdtest-online\/upload\/8344187_ebd9126f-f007-49a0-8f40-b525c47d7bda.jpg"",""http:\/\/bos.bj.baidubce.com\/json-api\/v1\/crowdtest-online\/upload\/8344186_a5830ee3-3624-41ed-804b-acc1cba56db8.jpg"",""http:\/\/bos.bj.baidubce.com\/json-api\/v1\/crowdtest-online\/upload\/8344185_92f7a7f9-385d-4b02-bef2-56e3796d85ac.jpg"",""http:\/\/bos.bj.baidubce.com\/json-api\/v1\/crowdtest-online\/upload\/8344184_f82abe37-4e05-4c7c-9d94-7be0bbde5c9f.jpg"",""http:\/\/bos.bj.baidubce.com\/json-api\/v1\/crowdtest-online\/upload\/8344183_b4fbb6c5-4804-4d2b-ad69-b70816b2a8fe.jpg"",""http:\/\/bos.bj.baidubce.com\/json-api\/v1\/crowdtest-online\/upload\/8344182_14be98ab-fc64-4d69-a443-578045923b49.jpg"",""http:\/\/bos.bj.baidubce.com\/json-api\/v1\/crowdtest-online\/upload\/8344181_a4220924-d85b-40ca-93fd-2e1a766ed12d.jpg"",""http:\/\/bos.bj.baidubce.com\/json-api\/v1\/crowdtest-online\/upload\/8344180_22860759-e847-4494-9ea3-c3b9c41edd49.jpg""]",未知,P0,审核通过,2015-12-21 09:53:16,,33
0,4850833,急救快通测试,北京市|北京市|昌平区|X021(东北路)|,Amazon  KFTT,Android 4.0.3,WIFI,无SIM卡,IML74K,登陆成功后-诊疗卡，新增成功后的诊疗卡，没有修改和删除功能。如果诊疗卡新增时写错，则只能再新增一个。另外诊疗卡新增时并没有判断是否重复。,登陆成功后-诊疗卡，新增成功后的诊疗卡，没有修改和删除功能。如果诊疗卡新增时写错，则只能再新增一个。另外诊疗卡新增时并没有判断是否重复。,"[""http:\/\/bos.bj.baidubce.com\/json-api\/v1\/crowdtest-online\/upload\/8344188_955cc4bc-1b5c-4b63-8e9c-fdf2f5355891.jpg"",""http:\/\/bos.bj.baidubce.com\/json-api\/v1\/crowdtest-online\/upload\/8344187_ebd9126f-f007-49a0-8f40-b525c47d7bda.jpg"",""http:\/\/bos.bj.baidubce.com\/json-api\/v1\/crowdtest-online\/upload\/8344186_a5830ee3-3624-41ed-804b-acc1cba56db8.jpg"",""http:\/\/bos.bj.baidubce.com\/json-api\/v1\/crowdtest-online\/upload\/8344185_92f7a7f9-385d-4b02-bef2-56e3796d85ac.jpg"",""http:\/\/bos.bj.baidubce.com\/json-api\/v1\/crowdtest-online\/upload\/8344184_f82abe37-4e05-4c7c-9d94-7be0bbde5c9f.jpg"",""http:\/\/bos.bj.baidubce.com\/json-api\/v1\/crowdtest-online\/upload\/8344183_b4fbb6c5-4804-4d2b-ad69-b70816b2a8fe.jpg"",""http:\/\/bos.bj.baidubce.com\/json-api\/v1\/crowdtest-online\/upload\/8344182_14be98ab-fc64-4d69-a443-578045923b49.jpg"",""http:\/\/bos.bj.baidubce.com\/json-api\/v1\/crowdtest-online\/upload\/8344181_a4220924-d85b-40ca-93fd-2e1a766ed12d.jpg"",""http:\/\/bos.bj.baidubce.com\/json-api\/v1\/crowdtest-online\/upload\/8344180_22860759-e847-4494-9ea3-c3b9c41edd49.jpg""]",未知,P0,审核通过,2015-12-21 09:53:28,,25
0,4850833,急救快通测试,北京市|北京市|昌平区|X021(东北路)|,Amazon  KFTT,Android 4.0.3,WIFI,无SIM卡,IML74K,app不会自动定位城市，只能点击定位，才能定位成功。,app不会自动定位城市，只能点击定位，才能定位成功。,"[""http:\/\/bos.bj.baidubce.com\/json-api\/v1\/crowdtest-online\/upload\/8344188_955cc4bc-1b5c-4b63-8e9c-fdf2f5355891.jpg"",""http:\/\/bos.bj.baidubce.com\/json-api\/v1\/crowdtest-online\/upload\/8344187_ebd9126f-f007-49a0-8f40-b525c47d7bda.jpg"",""http:\/\/bos.bj.baidubce.com\/json-api\/v1\/crowdtest-online\/upload\/8344186_a5830ee3-3624-41ed-804b-acc1cba56db8.jpg"",""http:\/\/bos.bj.baidubce.com\/json-api\/v1\/crowdtest-online\/upload\/8344185_92f7a7f9-385d-4b02-bef2-56e3796d85ac.jpg"",""http:\/\/bos.bj.baidubce.com\/json-api\/v1\/crowdtest-online\/upload\/8344184_f82abe37-4e05-4c7c-9d94-7be0bbde5c9f.jpg"",""http:\/\/bos.bj.baidubce.com\/json-api\/v1\/crowdtest-online\/upload\/8344183_b4fbb6c5-4804-4d2b-ad69-b70816b2a8fe.jpg"",""http:\/\/bos.bj.baidubce.com\/json-api\/v1\/crowdtest-online\/upload\/8344182_14be98ab-fc64-4d69-a443-578045923b49.jpg"",""http:\/\/bos.bj.baidubce.com\/json-api\/v1\/crowdtest-online\/upload\/8344181_a4220924-d85b-40ca-93fd-2e1a766ed12d.jpg"",""http:\/\/bos.bj.baidubce.com\/json-api\/v1\/crowdtest-online\/upload\/8344180_22860759-e847-4494-9ea3-c3b9c41edd49.jpg""]",未知,P0,审核通过,2015-12-21 09:53:35,,22
0,7916517,急救快通测试,浙江省|台州市|椒江区|上椒线|,Meizu  M351,Android 5.0.1,MOBILE EDGE,中国移动,Flyme OS 4.5.7A,选择微信登入会出现一直加载，然后提示服务器错误，不过尝试几次后会成功,选择微信登入会出现一直加载，然后提示服务器错误，不过尝试几次后会成功,"[""http:\/\/bos.bj.baidubce.com\/json-api\/v1\/crowdtest-online\/upload\/8328570_bce1ac7e-f085-48c7-abe4-9f10d64fd8aa.jpg"",""http:\/\/bos.bj.baidubce.com\/json-api\/v1\/crowdtest-online\/upload\/8328569_8a657368-8d03-4bd1-b550-cae2ff1104b3.jpg""]",未知,P0,审核通过,2015-12-19 20:18:55,,27
0,11586465,急救快通测试,四川省|南充市|顺庆区|和平西路|47,Honor  CHE-TL00,Android 4.4.2,WIFI,中国移动,CHE-TL00 V100R001C01B210-1GRAM,信息更新不及时，。。。。。,搜寻附近医院，和平西路10号的口腔诊所名字已变，朱海口腔现在叫雅乐口腔，但是左下角信息显示还是原来的，如果病人有需要，是找不到的哦,"[""http:\/\/bos.bj.baidubce.com\/json-api\/v1\/crowdtest-online\/upload\/8320090_7a89b906-80b5-477a-ab46-aa782a990e14.jpg""]",未知,P0,审核通过,2015-12-19 16:54:59,,36
0,11631802,急救快通测试,广东省|中山市|中山市市辖区|隆发路|13-b,Huawei  HUAWEI G7-UL20,Android 4.4.4,WIFI,中国联通,G7-UL20V100R001CHNC00B265,首次启动程序，首次使用微信或qq登录，在打开授权页并确定授权跳转后会显示服务器错误提示。,首次启动程序，首次使用微信或qq登录，在打开授权页并确定授权跳转后会显示服务器错误提示。,"[""http:\/\/bos.bj.baidubce.com\/json-api\/v1\/crowdtest-online\/upload\/8316144_e9340d5b-b650-4139-a30e-62be1a16e550.jpg"",""http:\/\/bos.bj.baidubce.com\/json-api\/v1\/crowdtest-online\/upload\/8316141_6e1bd21f-ff00-4d9c-b0d1-79005e1f70b1.jpg""]",未知,P0,审核通过,2015-12-19 16:49:14,,27
0,11631802,急救快通测试,广东省|中山市|中山市市辖区|隆发路|13-b,Huawei  HUAWEI G7-UL20,Android 4.4.4,WIFI,中国联通,G7-UL20V100R001CHNC00B265,在登录后主菜单页，点诊疗卡，点右上角新增，不输入任何内容直接点点绑定，会说绑定成功。,在登录后主菜单页，点诊疗卡，点右上角新增，不输入任何内容直接点点绑定，会说绑定成功。,"[""http:\/\/bos.bj.baidubce.com\/json-api\/v1\/crowdtest-online\/upload\/8316144_e9340d5b-b650-4139-a30e-62be1a16e550.jpg"",""http:\/\/bos.bj.baidubce.com\/json-api\/v1\/crowdtest-online\/upload\/8316141_6e1bd21f-ff00-4d9c-b0d1-79005e1f70b1.jpg""]",未知,P0,审核通过,2015-12-19 16:50:23,,41
0,11631802,急救快通测试,广东省|中山市|中山市市辖区|隆发路|13-b,Huawei  HUAWEI G7-UL20,Android 4.4.4,WIFI,中国联通,G7-UL20V100R001CHNC00B265,在主菜单页，点右上角的城市定位，闪屏，无反应或跳转。,在主菜单页，点右上角的城市定位，闪屏，无反应或跳转。,"[""http:\/\/bos.bj.baidubce.com\/json-api\/v1\/crowdtest-online\/upload\/8316144_e9340d5b-b650-4139-a30e-62be1a16e550.jpg"",""http:\/\/bos.bj.baidubce.com\/json-api\/v1\/crowdtest-online\/upload\/8316141_6e1bd21f-ff00-4d9c-b0d1-79005e1f70b1.jpg""]",未知,P0,审核通过,2015-12-19 16:49:38,,22
0,11631802,急救快通测试,广东省|中山市|中山市市辖区|隆发路|13-b,Huawei  HUAWEI G7-UL20,Android 4.4.4,WIFI,中国联通,G7-UL20V100R001CHNC00B265,点左边的图标打开个人信息页，点应用分享，点微信分享，不分享返回，会出现登录提示信息，并长时间无反应。,点左边的图标打开个人信息页，点应用分享，点微信分享，不分享返回，会出现登录提示信息，并长时间无反应。,"[""http:\/\/bos.bj.baidubce.com\/json-api\/v1\/crowdtest-online\/upload\/8316144_e9340d5b-b650-4139-a30e-62be1a16e550.jpg"",""http:\/\/bos.bj.baidubce.com\/json-api\/v1\/crowdtest-online\/upload\/8316141_6e1bd21f-ff00-4d9c-b0d1-79005e1f70b1.jpg""]",未知,P0,审核通过,2015-12-19 16:50:42,,32
0,13795407,急救快通测试,江苏省|南京市|栖霞区|文成路|,HONOR  PLK-TL01H,Android 5.0.2,WIFI,中国移动,PLK-TL01HC01B173,软件主菜单界面中记录查询被点击后无任何反应,进入软件的主菜单中，点击主菜单界面中的记录查询没有任何反应,"[""http:\/\/bos.bj.baidubce.com\/json-api\/v1\/crowdtest-online\/upload\/8353946_551b0499-876c-40cc-b84a-abfa44dba66e.jpg"",""http:\/\/bos.bj.baidubce.com\/json-api\/v1\/crowdtest-online\/upload\/8353944_c910eaa7-497f-4f1a-a6bd-8eb79bb3ff9b.jpg""]",未知,P0,审核通过,2015-12-21 09:56:13,,30
0,13984604,急救快通测试,北京市|北京市|朝阳区|朝阳北路|36号,Xiaomi  MI 2,Android 4.1.1,WIFI,中国移动,JRO03L,进入完善信息页面，输入出生年份后，会自动显示年龄，删除年份后，年龄未跟随删除,进入完善信息页面，输入出生年份后，会自动显示年龄，删除年份后，年龄未跟随删除,"[""http:\/\/bos.bj.baidubce.com\/json-api\/v1\/crowdtest-online\/upload\/8320755_1df043af-5437-4b00-8db9-600a81b93f14.jpg"",""http:\/\/bos.bj.baidubce.com\/json-api\/v1\/crowdtest-online\/upload\/8320754_c0216403-92f4-4ee3-bcd8-18352262a8fd.jpg"",""http:\/\/bos.bj.baidubce.com\/json-api\/v1\/crowdtest-online\/upload\/8320753_9b43d3c4-5e48-4800-a3f7-2a22447dc58a.jpg"",""http:\/\/bos.bj.baidubce.com\/json-api\/v1\/crowdtest-online\/upload\/8320752_e48f6f2b-9490-4ec9-b612-cbb2fa25e7b2.jpg"",""http:\/\/bos.bj.baidubce.com\/json-api\/v1\/crowdtest-online\/upload\/8320751_0a45cb3f-c75f-48cb-b6c9-b42d29dff4e3.jpg"",""http:\/\/bos.bj.baidubce.com\/json-api\/v1\/crowdtest-online\/upload\/8320750_fefd75ea-228e-486a-b230-ad44bbefcce2.jpg"",""http:\/\/bos.bj.baidubce.com\/json-api\/v1\/crowdtest-online\/upload\/8320749_2b0ea4f9-2f6a-4145-a4a3-6add64e4e9c8.jpg""]",未知,P0,审核通过,2015-12-19 16:56:34,,1
0,13984604,急救快通测试,北京市|北京市|朝阳区|朝阳北路|36号,Xiaomi  MI 2,Android 4.1.1,WIFI,中国移动,JRO03L,使用微信登录，进入完善信息页面，点击手机号码，无法输入手机号,使用微信登录，进入完善信息页面，点击手机号码，无法输入手机号,"[""http:\/\/bos.bj.baidubce.com\/json-api\/v1\/crowdtest-online\/upload\/8320755_1df043af-5437-4b00-8db9-600a81b93f14.jpg"",""http:\/\/bos.bj.baidubce.com\/json-api\/v1\/crowdtest-online\/upload\/8320754_c0216403-92f4-4ee3-bcd8-18352262a8fd.jpg"",""http:\/\/bos.bj.baidubce.com\/json-api\/v1\/crowdtest-online\/upload\/8320753_9b43d3c4-5e48-4800-a3f7-2a22447dc58a.jpg"",""http:\/\/bos.bj.baidubce.com\/json-api\/v1\/crowdtest-online\/upload\/8320752_e48f6f2b-9490-4ec9-b612-cbb2fa25e7b2.jpg"",""http:\/\/bos.bj.baidubce.com\/json-api\/v1\/crowdtest-online\/upload\/8320751_0a45cb3f-c75f-48cb-b6c9-b42d29dff4e3.jpg"",""http:\/\/bos.bj.baidubce.com\/json-api\/v1\/crowdtest-online\/upload\/8320750_fefd75ea-228e-486a-b230-ad44bbefcce2.jpg"",""http:\/\/bos.bj.baidubce.com\/json-api\/v1\/crowdtest-online\/upload\/8320749_2b0ea4f9-2f6a-4145-a4a3-6add64e4e9c8.jpg""]",未知,P0,审核不通过,2015-12-19 16:57:09,,34
0,13984604,急救快通测试,北京市|北京市|朝阳区|朝阳北路|36号,Xiaomi  MI 2,Android 4.1.1,WIFI,中国移动,JRO03L,使用微信登录，进入完善信息页面，点击更换手机号，进入号码验证页面，输入新手机号后，提示“此手机尚未注册，请先注册”,使用微信登录，进入完善信息页面，点击更换手机号，进入号码验证页面，输入新手机号后，提示“此手机尚未注册，请先注册”,"[""http:\/\/bos.bj.baidubce.com\/json-api\/v1\/crowdtest-online\/upload\/8320755_1df043af-5437-4b00-8db9-600a81b93f14.jpg"",""http:\/\/bos.bj.baidubce.com\/json-api\/v1\/crowdtest-online\/upload\/8320754_c0216403-92f4-4ee3-bcd8-18352262a8fd.jpg"",""http:\/\/bos.bj.baidubce.com\/json-api\/v1\/crowdtest-online\/upload\/8320753_9b43d3c4-5e48-4800-a3f7-2a22447dc58a.jpg"",""http:\/\/bos.bj.baidubce.com\/json-api\/v1\/crowdtest-online\/upload\/8320752_e48f6f2b-9490-4ec9-b612-cbb2fa25e7b2.jpg"",""http:\/\/bos.bj.baidubce.com\/json-api\/v1\/crowdtest-online\/upload\/8320751_0a45cb3f-c75f-48cb-b6c9-b42d29dff4e3.jpg"",""http:\/\/bos.bj.baidubce.com\/json-api\/v1\/crowdtest-online\/upload\/8320750_fefd75ea-228e-486a-b230-ad44bbefcce2.jpg"",""http:\/\/bos.bj.baidubce.com\/json-api\/v1\/crowdtest-online\/upload\/8320749_2b0ea4f9-2f6a-4145-a4a3-6add64e4e9c8.jpg""]",未知,P0,审核不通过,2015-12-19 16:58:01,,34
0,13984604,急救快通测试,北京市|北京市|朝阳区|朝阳北路|36号,Xiaomi  MI 2,Android 4.1.1,WIFI,中国移动,JRO03L,使用微信登录，登录后进入完善信息页面，点击返回键提示“再次点击返回退出页面”，在该页面此时2次后才回到登录页面，没有直接退出应用,使用微信登录，登录后进入完善信息页面，点击返回键提示“再次点击返回退出页面”，在该页面此时2次后才回到登录页面，没有直接退出应用,"[""http:\/\/bos.bj.baidubce.com\/json-api\/v1\/crowdtest-online\/upload\/8320755_1df043af-5437-4b00-8db9-600a81b93f14.jpg"",""http:\/\/bos.bj.baidubce.com\/json-api\/v1\/crowdtest-online\/upload\/8320754_c0216403-92f4-4ee3-bcd8-18352262a8fd.jpg"",""http:\/\/bos.bj.baidubce.com\/json-api\/v1\/crowdtest-online\/upload\/8320753_9b43d3c4-5e48-4800-a3f7-2a22447dc58a.jpg"",""http:\/\/bos.bj.baidubce.com\/json-api\/v1\/crowdtest-online\/upload\/8320752_e48f6f2b-9490-4ec9-b612-cbb2fa25e7b2.jpg"",""http:\/\/bos.bj.baidubce.com\/json-api\/v1\/crowdtest-online\/upload\/8320751_0a45cb3f-c75f-48cb-b6c9-b42d29dff4e3.jpg"",""http:\/\/bos.bj.baidubce.com\/json-api\/v1\/crowdtest-online\/upload\/8320750_fefd75ea-228e-486a-b230-ad44bbefcce2.jpg"",""http:\/\/bos.bj.baidubce.com\/json-api\/v1\/crowdtest-online\/upload\/8320749_2b0ea4f9-2f6a-4145-a4a3-6add64e4e9c8.jpg""]",未知,P0,审核通过,2015-12-19 16:58:14,,37
0,13984604,急救快通测试,北京市|北京市|朝阳区|朝阳北路|36号,Xiaomi  MI 2,Android 4.1.1,WIFI,中国移动,JRO03L,输入姓名、年龄身份证号，没有输入手机号，点击提交，提示语有误提示“姓名年龄手机号不能为空”,输入姓名、年龄身份证号，没有输入手机号，点击提交，提示语有误提示“姓名年龄手机号不能为空”,"[""http:\/\/bos.bj.baidubce.com\/json-api\/v1\/crowdtest-online\/upload\/8320755_1df043af-5437-4b00-8db9-600a81b93f14.jpg"",""http:\/\/bos.bj.baidubce.com\/json-api\/v1\/crowdtest-online\/upload\/8320754_c0216403-92f4-4ee3-bcd8-18352262a8fd.jpg"",""http:\/\/bos.bj.baidubce.com\/json-api\/v1\/crowdtest-online\/upload\/8320753_9b43d3c4-5e48-4800-a3f7-2a22447dc58a.jpg"",""http:\/\/bos.bj.baidubce.com\/json-api\/v1\/crowdtest-online\/upload\/8320752_e48f6f2b-9490-4ec9-b612-cbb2fa25e7b2.jpg"",""http:\/\/bos.bj.baidubce.com\/json-api\/v1\/crowdtest-online\/upload\/8320751_0a45cb3f-c75f-48cb-b6c9-b42d29dff4e3.jpg"",""http:\/\/bos.bj.baidubce.com\/json-api\/v1\/crowdtest-online\/upload\/8320750_fefd75ea-228e-486a-b230-ad44bbefcce2.jpg"",""http:\/\/bos.bj.baidubce.com\/json-api\/v1\/crowdtest-online\/upload\/8320749_2b0ea4f9-2f6a-4145-a4a3-6add64e4e9c8.jpg""]",未知,P0,审核通过,2015-12-19 16:58:24,,20
0,13984604,急救快通测试,北京市|北京市|朝阳区|朝阳北路|36号,Xiaomi  MI 2,Android 4.1.1,WIFI,中国移动,JRO03L,点击主菜单的急救状态/记录查询/远程诊断图标，点击无效，只是图标动了一下,点击主菜单的急救状态/记录查询/远程诊断图标，点击无效，只是图标动了一下,"[""http:\/\/bos.bj.baidubce.com\/json-api\/v1\/crowdtest-online\/upload\/8320755_1df043af-5437-4b00-8db9-600a81b93f14.jpg"",""http:\/\/bos.bj.baidubce.com\/json-api\/v1\/crowdtest-online\/upload\/8320754_c0216403-92f4-4ee3-bcd8-18352262a8fd.jpg"",""http:\/\/bos.bj.baidubce.com\/json-api\/v1\/crowdtest-online\/upload\/8320753_9b43d3c4-5e48-4800-a3f7-2a22447dc58a.jpg"",""http:\/\/bos.bj.baidubce.com\/json-api\/v1\/crowdtest-online\/upload\/8320752_e48f6f2b-9490-4ec9-b612-cbb2fa25e7b2.jpg"",""http:\/\/bos.bj.baidubce.com\/json-api\/v1\/crowdtest-online\/upload\/8320751_0a45cb3f-c75f-48cb-b6c9-b42d29dff4e3.jpg"",""http:\/\/bos.bj.baidubce.com\/json-api\/v1\/crowdtest-online\/upload\/8320750_fefd75ea-228e-486a-b230-ad44bbefcce2.jpg"",""http:\/\/bos.bj.baidubce.com\/json-api\/v1\/crowdtest-online\/upload\/8320749_2b0ea4f9-2f6a-4145-a4a3-6add64e4e9c8.jpg""]",未知,P0,审核通过,2015-12-19 16:58:32,,18
0,13984604,急救快通测试,北京市|北京市|朝阳区|朝阳北路|36号,Xiaomi  MI 2,Android 4.1.1,WIFI,中国移动,JRO03L,点击首页的北京市下拉箭头，无法弹出下拉列表,点击首页的北京市下拉箭头，无法弹出下拉列表,"[""http:\/\/bos.bj.baidubce.com\/json-api\/v1\/crowdtest-online\/upload\/8320755_1df043af-5437-4b00-8db9-600a81b93f14.jpg"",""http:\/\/bos.bj.baidubce.com\/json-api\/v1\/crowdtest-online\/upload\/8320754_c0216403-92f4-4ee3-bcd8-18352262a8fd.jpg"",""http:\/\/bos.bj.baidubce.com\/json-api\/v1\/crowdtest-online\/upload\/8320753_9b43d3c4-5e48-4800-a3f7-2a22447dc58a.jpg"",""http:\/\/bos.bj.baidubce.com\/json-api\/v1\/crowdtest-online\/upload\/8320752_e48f6f2b-9490-4ec9-b612-cbb2fa25e7b2.jpg"",""http:\/\/bos.bj.baidubce.com\/json-api\/v1\/crowdtest-online\/upload\/8320751_0a45cb3f-c75f-48cb-b6c9-b42d29dff4e3.jpg"",""http:\/\/bos.bj.baidubce.com\/json-api\/v1\/crowdtest-online\/upload\/8320750_fefd75ea-228e-486a-b230-ad44bbefcce2.jpg"",""http:\/\/bos.bj.baidubce.com\/json-api\/v1\/crowdtest-online\/upload\/8320749_2b0ea4f9-2f6a-4145-a4a3-6add64e4e9c8.jpg""]",未知,P0,审核通过,2015-12-19 16:58:40,,40
0,13984604,急救快通测试,北京市|北京市|朝阳区|朝阳北路|36号,Xiaomi  MI 2,Android 4.1.1,WIFI,中国移动,JRO03L,点击首页的在线支付，选择支付宝支付/微信支付，点击没有任何反应,点击首页的在线支付，选择支付宝支付/微信支付，点击没有任何反应,"[""http:\/\/bos.bj.baidubce.com\/json-api\/v1\/crowdtest-online\/upload\/8320755_1df043af-5437-4b00-8db9-600a81b93f14.jpg"",""http:\/\/bos.bj.baidubce.com\/json-api\/v1\/crowdtest-online\/upload\/8320754_c0216403-92f4-4ee3-bcd8-18352262a8fd.jpg"",""http:\/\/bos.bj.baidubce.com\/json-api\/v1\/crowdtest-online\/upload\/8320753_9b43d3c4-5e48-4800-a3f7-2a22447dc58a.jpg"",""http:\/\/bos.bj.baidubce.com\/json-api\/v1\/crowdtest-online\/upload\/8320752_e48f6f2b-9490-4ec9-b612-cbb2fa25e7b2.jpg"",""http:\/\/bos.bj.baidubce.com\/json-api\/v1\/crowdtest-online\/upload\/8320751_0a45cb3f-c75f-48cb-b6c9-b42d29dff4e3.jpg"",""http:\/\/bos.bj.baidubce.com\/json-api\/v1\/crowdtest-online\/upload\/8320750_fefd75ea-228e-486a-b230-ad44bbefcce2.jpg"",""http:\/\/bos.bj.baidubce.com\/json-api\/v1\/crowdtest-online\/upload\/8320749_2b0ea4f9-2f6a-4145-a4a3-6add64e4e9c8.jpg""]",未知,P0,审核通过,2015-12-19 16:58:49,,2
0,14062970,急救快通测试,江苏省|无锡市|惠山区|堰桥南路|2号,Xiaomi  HM NOTE 1S,Android 4.4.4,mobile LTE,中国电信,KTU84P,在登录界面，下面的“忘记密码”、“注册”，字符最底下缺失，好像缺了一行,在登录界面，下面的“忘记密码”、“注册”，字符最底下缺失，好像缺了一行，手机：红米note1s,"[""http:\/\/bos.bj.baidubce.com\/json-api\/v1\/crowdtest-online\/upload\/8331020_48b176a9-a53b-4cca-90aa-1024126838d2.jpg""]",未知,P0,审核通过,2015-12-21 09:32:41,,34
0,14185881,急救快通测试,河南省|鹤壁市|淇滨区|漓江路|,Xiaomi  MI 1S,Android 4.1.2,WIFI,无SIM卡,JZO54K,打开app点击记录查询和远程诊断无反应,打开app点击记录查询和远程诊断无反应，其他正常跳转,"[""http:\/\/bos.bj.baidubce.com\/json-api\/v1\/crowdtest-online\/upload\/8302087_972c0e96-2e13-4782-a7fc-864b8327d583.jpg""]",未知,P0,审核通过,2015-12-19 01:23:44,,30
0,14301156,急救快通测试,浙江省|温州市|瑞安市|塘河北路|472号,Huawei  G620-L75,Android 4.3,WIFI,中国移动,G620-L75V100R001C01B133,在完善信息里，出现年龄空白，从而不能修改其他信息,修改“完善信息”页面的过程中，修改病史，过敏反应，身份证的过程中，其中一次提交后，再次进入出现年龄空白。从而不能再编辑，在本人呼救里提示再次录入个人信息。,"[""http:\/\/bos.bj.baidubce.com\/json-api\/v1\/crowdtest-online\/upload\/8307216_4980de2d-3ed2-45b1-a0b2-6610d6e52604.jpg"",""http:\/\/bos.bj.baidubce.com\/json-api\/v1\/crowdtest-online\/upload\/8307215_f8b5c74f-5026-4a02-8faf-b34eb93085f1.jpg"",""http:\/\/bos.bj.baidubce.com\/json-api\/v1\/crowdtest-online\/upload\/8307214_1d841d3f-72ba-438e-ac48-3815795e197e.jpg"",""http:\/\/bos.bj.baidubce.com\/json-api\/v1\/crowdtest-online\/upload\/8307213_a58c9094-3aa4-4337-bd83-ae7a399339a0.jpg"",""http:\/\/bos.bj.baidubce.com\/json-api\/v1\/crowdtest-online\/upload\/8307212_a913adcb-e747-47b6-9852-9cb95db5b2ee.jpg"",""http:\/\/bos.bj.baidubce.com\/json-api\/v1\/crowdtest-online\/upload\/8307211_f25b09b7-8667-46e5-bba0-bd914e8a80c8.jpg"",""http:\/\/bos.bj.baidubce.com\/json-api\/v1\/crowdtest-online\/upload\/8307210_b27978a5-2cb6-418e-a1c5-7c11baf5f9ff.jpg"",""http:\/\/bos.bj.baidubce.com\/json-api\/v1\/crowdtest-online\/upload\/8307209_12282143-4d69-4965-adba-10151021c385.jpg"",""http:\/\/bos.bj.baidubce.com\/json-api\/v1\/crowdtest-online\/upload\/8307207_a25bbcd4-33ba-419e-8834-8b8b232ec5c4.jpg""]",未知,P0,审核通过,2015-12-19 09:48:03,,39
0,14301156,急救快通测试,浙江省|温州市|瑞安市|塘河北路|472号,Huawei  G620-L75,Android 4.3,WIFI,中国移动,G620-L75V100R001C01B133,在地里位置中点击多个功能无效,1界面一直显示：正在重新建立连接   只能点机身的返回键。网速并不差。 2点击左下角按钮，点击语音对话，按住对话没有任何反应。 3点击拍照，闪退。  4点击其他两个就都显示：正在重新建立连接。,"[""http:\/\/bos.bj.baidubce.com\/json-api\/v1\/crowdtest-online\/upload\/8307216_4980de2d-3ed2-45b1-a0b2-6610d6e52604.jpg"",""http:\/\/bos.bj.baidubce.com\/json-api\/v1\/crowdtest-online\/upload\/8307215_f8b5c74f-5026-4a02-8faf-b34eb93085f1.jpg"",""http:\/\/bos.bj.baidubce.com\/json-api\/v1\/crowdtest-online\/upload\/8307214_1d841d3f-72ba-438e-ac48-3815795e197e.jpg"",""http:\/\/bos.bj.baidubce.com\/json-api\/v1\/crowdtest-online\/upload\/8307213_a58c9094-3aa4-4337-bd83-ae7a399339a0.jpg"",""http:\/\/bos.bj.baidubce.com\/json-api\/v1\/crowdtest-online\/upload\/8307212_a913adcb-e747-47b6-9852-9cb95db5b2ee.jpg"",""http:\/\/bos.bj.baidubce.com\/json-api\/v1\/crowdtest-online\/upload\/8307211_f25b09b7-8667-46e5-bba0-bd914e8a80c8.jpg"",""http:\/\/bos.bj.baidubce.com\/json-api\/v1\/crowdtest-online\/upload\/8307210_b27978a5-2cb6-418e-a1c5-7c11baf5f9ff.jpg"",""http:\/\/bos.bj.baidubce.com\/json-api\/v1\/crowdtest-online\/upload\/8307209_12282143-4d69-4965-adba-10151021c385.jpg"",""http:\/\/bos.bj.baidubce.com\/json-api\/v1\/crowdtest-online\/upload\/8307207_a25bbcd4-33ba-419e-8834-8b8b232ec5c4.jpg""]",未知,P0,审核通过,2015-12-19 09:48:14,,26
0,14301156,急救快通测试,浙江省|温州市|瑞安市|塘河北路|472号,Huawei  G620-L75,Android 4.3,WIFI,中国移动,G620-L75V100R001C01B133,诊疗卡数据无验证，可以随意录入，录完无法删除,诊疗卡，点击新增，此中医院可以字母，卡号和医保卡号可以随意录入。保存完无法删除。,"[""http:\/\/bos.bj.baidubce.com\/json-api\/v1\/crowdtest-online\/upload\/8307216_4980de2d-3ed2-45b1-a0b2-6610d6e52604.jpg"",""http:\/\/bos.bj.baidubce.com\/json-api\/v1\/crowdtest-online\/upload\/8307215_f8b5c74f-5026-4a02-8faf-b34eb93085f1.jpg"",""http:\/\/bos.bj.baidubce.com\/json-api\/v1\/crowdtest-online\/upload\/8307214_1d841d3f-72ba-438e-ac48-3815795e197e.jpg"",""http:\/\/bos.bj.baidubce.com\/json-api\/v1\/crowdtest-online\/upload\/8307213_a58c9094-3aa4-4337-bd83-ae7a399339a0.jpg"",""http:\/\/bos.bj.baidubce.com\/json-api\/v1\/crowdtest-online\/upload\/8307212_a913adcb-e747-47b6-9852-9cb95db5b2ee.jpg"",""http:\/\/bos.bj.baidubce.com\/json-api\/v1\/crowdtest-online\/upload\/8307211_f25b09b7-8667-46e5-bba0-bd914e8a80c8.jpg"",""http:\/\/bos.bj.baidubce.com\/json-api\/v1\/crowdtest-online\/upload\/8307210_b27978a5-2cb6-418e-a1c5-7c11baf5f9ff.jpg"",""http:\/\/bos.bj.baidubce.com\/json-api\/v1\/crowdtest-online\/upload\/8307209_12282143-4d69-4965-adba-10151021c385.jpg"",""http:\/\/bos.bj.baidubce.com\/json-api\/v1\/crowdtest-online\/upload\/8307207_a25bbcd4-33ba-419e-8834-8b8b232ec5c4.jpg""]",未知,P0,审核通过,2015-12-19 09:48:23,,25
0,14301156,急救快通测试,浙江省|温州市|瑞安市|塘河北路|472号,Huawei  G620-L75,Android 4.3,WIFI,中国移动,G620-L75V100R001C01B133,远程诊断，急救状态，在线支付点击没反应,远程诊断，急救状态，在线支付里的支付宝，微信点击没反应,"[""http:\/\/bos.bj.baidubce.com\/json-api\/v1\/crowdtest-online\/upload\/8307216_4980de2d-3ed2-45b1-a0b2-6610d6e52604.jpg"",""http:\/\/bos.bj.baidubce.com\/json-api\/v1\/crowdtest-online\/upload\/8307215_f8b5c74f-5026-4a02-8faf-b34eb93085f1.jpg"",""http:\/\/bos.bj.baidubce.com\/json-api\/v1\/crowdtest-online\/upload\/8307214_1d841d3f-72ba-438e-ac48-3815795e197e.jpg"",""http:\/\/bos.bj.baidubce.com\/json-api\/v1\/crowdtest-online\/upload\/8307213_a58c9094-3aa4-4337-bd83-ae7a399339a0.jpg"",""http:\/\/bos.bj.baidubce.com\/json-api\/v1\/crowdtest-online\/upload\/8307212_a913adcb-e747-47b6-9852-9cb95db5b2ee.jpg"",""http:\/\/bos.bj.baidubce.com\/json-api\/v1\/crowdtest-online\/upload\/8307211_f25b09b7-8667-46e5-bba0-bd914e8a80c8.jpg"",""http:\/\/bos.bj.baidubce.com\/json-api\/v1\/crowdtest-online\/upload\/8307210_b27978a5-2cb6-418e-a1c5-7c11baf5f9ff.jpg"",""http:\/\/bos.bj.baidubce.com\/json-api\/v1\/crowdtest-online\/upload\/8307209_12282143-4d69-4965-adba-10151021c385.jpg"",""http:\/\/bos.bj.baidubce.com\/json-api\/v1\/crowdtest-online\/upload\/8307207_a25bbcd4-33ba-419e-8834-8b8b232ec5c4.jpg""]",未知,P0,审核通过,2015-12-19 10:12:26,,2
0,14301156,急救快通测试,浙江省|温州市|瑞安市|塘河北路|472号,Huawei  G620-L75,Android 4.3,WIFI,中国移动,G620-L75V100R001C01B133,横屏后，个人信息页面无法下拉，主菜单下面的两个button也找不到,横屏后，个人信息页面无法下拉，主菜单下面的两个button：本人呼救代人呼救也找不到,"[""http:\/\/bos.bj.baidubce.com\/json-api\/v1\/crowdtest-online\/upload\/8307216_4980de2d-3ed2-45b1-a0b2-6610d6e52604.jpg"",""http:\/\/bos.bj.baidubce.com\/json-api\/v1\/crowdtest-online\/upload\/8307215_f8b5c74f-5026-4a02-8faf-b34eb93085f1.jpg"",""http:\/\/bos.bj.baidubce.com\/json-api\/v1\/crowdtest-online\/upload\/8307214_1d841d3f-72ba-438e-ac48-3815795e197e.jpg"",""http:\/\/bos.bj.baidubce.com\/json-api\/v1\/crowdtest-online\/upload\/8307213_a58c9094-3aa4-4337-bd83-ae7a399339a0.jpg"",""http:\/\/bos.bj.baidubce.com\/json-api\/v1\/crowdtest-online\/upload\/8307212_a913adcb-e747-47b6-9852-9cb95db5b2ee.jpg"",""http:\/\/bos.bj.baidubce.com\/json-api\/v1\/crowdtest-online\/upload\/8307211_f25b09b7-8667-46e5-bba0-bd914e8a80c8.jpg"",""http:\/\/bos.bj.baidubce.com\/json-api\/v1\/crowdtest-online\/upload\/8307210_b27978a5-2cb6-418e-a1c5-7c11baf5f9ff.jpg"",""http:\/\/bos.bj.baidubce.com\/json-api\/v1\/crowdtest-online\/upload\/8307209_12282143-4d69-4965-adba-10151021c385.jpg"",""http:\/\/bos.bj.baidubce.com\/json-api\/v1\/crowdtest-online\/upload\/8307207_a25bbcd4-33ba-419e-8834-8b8b232ec5c4.jpg""]",未知,P0,审核通过,2015-12-19 10:12:44,,39
0,14301156,急救快通测试,浙江省|温州市|瑞安市|塘河北路|472号,Huawei  G620-L75,Android 4.3,WIFI,中国移动,G620-L75V100R001C01B133,完善信息页面可以录入脚本，从而报错,完善信息页面病史，过敏反应可以编辑脚本，点提交后报错。,"[""http:\/\/bos.bj.baidubce.com\/json-api\/v1\/crowdtest-online\/upload\/8307216_4980de2d-3ed2-45b1-a0b2-6610d6e52604.jpg"",""http:\/\/bos.bj.baidubce.com\/json-api\/v1\/crowdtest-online\/upload\/8307215_f8b5c74f-5026-4a02-8faf-b34eb93085f1.jpg"",""http:\/\/bos.bj.baidubce.com\/json-api\/v1\/crowdtest-online\/upload\/8307214_1d841d3f-72ba-438e-ac48-3815795e197e.jpg"",""http:\/\/bos.bj.baidubce.com\/json-api\/v1\/crowdtest-online\/upload\/8307213_a58c9094-3aa4-4337-bd83-ae7a399339a0.jpg"",""http:\/\/bos.bj.baidubce.com\/json-api\/v1\/crowdtest-online\/upload\/8307212_a913adcb-e747-47b6-9852-9cb95db5b2ee.jpg"",""http:\/\/bos.bj.baidubce.com\/json-api\/v1\/crowdtest-online\/upload\/8307211_f25b09b7-8667-46e5-bba0-bd914e8a80c8.jpg"",""http:\/\/bos.bj.baidubce.com\/json-api\/v1\/crowdtest-online\/upload\/8307210_b27978a5-2cb6-418e-a1c5-7c11baf5f9ff.jpg"",""http:\/\/bos.bj.baidubce.com\/json-api\/v1\/crowdtest-online\/upload\/8307209_12282143-4d69-4965-adba-10151021c385.jpg"",""http:\/\/bos.bj.baidubce.com\/json-api\/v1\/crowdtest-online\/upload\/8307207_a25bbcd4-33ba-419e-8834-8b8b232ec5c4.jpg""]",未知,P0,审核通过,2015-12-19 10:12:50,,39
0,14329011,急救快通测试,北京市|北京市|昌平区|X021(东北路)|,ZTE  U9180,Android 4.3,WIFI,中国移动,ZTE U9180_CNMobileCommon_V0.50,急救状态、记录查询、远程诊断，点击后app没有任何反应,急救状态、记录查询、远程诊断，点击后app没有任何反应,"[""http:\/\/bos.bj.baidubce.com\/json-api\/v1\/crowdtest-online\/upload\/8355446_9a3c1d92-183a-4c8b-ae9b-86a5a1c77282.jpg"",""http:\/\/bos.bj.baidubce.com\/json-api\/v1\/crowdtest-online\/upload\/8355445_fc95b387-f2ba-4f51-84b0-869f56336914.jpg"",""http:\/\/bos.bj.baidubce.com\/json-api\/v1\/crowdtest-online\/upload\/8355444_8cd480b7-4fd2-4588-aad8-0f385a8d03f8.jpg""]",未知,P0,审核通过,2015-12-21 09:56:50,,18
0,14329011,急救快通测试,北京市|北京市|昌平区|X021(东北路)|,ZTE  U9180,Android 4.3,WIFI,中国移动,ZTE U9180_CNMobileCommon_V0.50,登陆界面跟个人信息中的请登录，登陆前后不一致,登陆界面跟个人信息中的请登录，登陆前后不一致,"[""http:\/\/bos.bj.baidubce.com\/json-api\/v1\/crowdtest-online\/upload\/8355446_9a3c1d92-183a-4c8b-ae9b-86a5a1c77282.jpg"",""http:\/\/bos.bj.baidubce.com\/json-api\/v1\/crowdtest-online\/upload\/8355445_fc95b387-f2ba-4f51-84b0-869f56336914.jpg"",""http:\/\/bos.bj.baidubce.com\/json-api\/v1\/crowdtest-online\/upload\/8355444_8cd480b7-4fd2-4588-aad8-0f385a8d03f8.jpg""]",未知,P0,审核通过,2015-12-21 09:56:59,,11
0,14343379,急救快通测试,浙江省|温州市|瑞安市|陶山南路|,HUAWEI  Hol-T00,Android 4.2.2,WIFI,中国移动,Holly-T00V100R001CHSC01B076,首页列表里有些功能点击没有反应,下载安装后首页点击急救状态记录查询远程诊断没有反应,"[""http:\/\/bos.bj.baidubce.com\/json-api\/v1\/crowdtest-online\/upload\/8326968_70394770-3d5c-4909-b0e9-3c386955966a.jpg"",""http:\/\/bos.bj.baidubce.com\/json-api\/v1\/crowdtest-online\/upload\/8326967_03b1d24c-650a-46b5-af2b-db3c45e178cc.jpg"",""http:\/\/bos.bj.baidubce.com\/json-api\/v1\/crowdtest-online\/upload\/8326966_8cb37ef6-df47-47eb-aeec-23102142d6ce.jpg"",""http:\/\/bos.bj.baidubce.com\/json-api\/v1\/crowdtest-online\/upload\/8326965_097f6b42-f141-41d3-b30f-56ce33dd0c38.jpg"",""http:\/\/bos.bj.baidubce.com\/json-api\/v1\/crowdtest-online\/upload\/8326964_4c7f9eba-5f92-4ac3-b97c-605812a44477.jpg""]",未知,P0,审核通过,2015-12-19 19:57:44,,18
0,14343379,急救快通测试,浙江省|温州市|瑞安市|陶山南路|,HUAWEI  Hol-T00,Android 4.2.2,WIFI,中国移动,Holly-T00V100R001CHSC01B076,地理位置里的高德地图有些功能不能用,首页点击地理位置左下角有个红色的羽毛标志点击它会出现四个圆圈仔细看一下会发现是语音照相短信和定位，挨个点击他们，除了语音有时候有反应，其余三个都没有反应,"[""http:\/\/bos.bj.baidubce.com\/json-api\/v1\/crowdtest-online\/upload\/8326968_70394770-3d5c-4909-b0e9-3c386955966a.jpg"",""http:\/\/bos.bj.baidubce.com\/json-api\/v1\/crowdtest-online\/upload\/8326967_03b1d24c-650a-46b5-af2b-db3c45e178cc.jpg"",""http:\/\/bos.bj.baidubce.com\/json-api\/v1\/crowdtest-online\/upload\/8326966_8cb37ef6-df47-47eb-aeec-23102142d6ce.jpg"",""http:\/\/bos.bj.baidubce.com\/json-api\/v1\/crowdtest-online\/upload\/8326965_097f6b42-f141-41d3-b30f-56ce33dd0c38.jpg"",""http:\/\/bos.bj.baidubce.com\/json-api\/v1\/crowdtest-online\/upload\/8326964_4c7f9eba-5f92-4ac3-b97c-605812a44477.jpg""]",未知,P0,审核通过,2015-12-19 19:57:54,,28
0,14343379,急救快通测试,浙江省|温州市|瑞安市|陶山南路|,HUAWEI  Hol-T00,Android 4.2.2,WIFI,中国移动,Holly-T00V100R001CHSC01B076,本人呼救无法使用。。。。,首页点击本人呼救，数据发送以后，会显示网络或服务器故障请稍候再试,"[""http:\/\/bos.bj.baidubce.com\/json-api\/v1\/crowdtest-online\/upload\/8326968_70394770-3d5c-4909-b0e9-3c386955966a.jpg"",""http:\/\/bos.bj.baidubce.com\/json-api\/v1\/crowdtest-online\/upload\/8326967_03b1d24c-650a-46b5-af2b-db3c45e178cc.jpg"",""http:\/\/bos.bj.baidubce.com\/json-api\/v1\/crowdtest-online\/upload\/8326966_8cb37ef6-df47-47eb-aeec-23102142d6ce.jpg"",""http:\/\/bos.bj.baidubce.com\/json-api\/v1\/crowdtest-online\/upload\/8326965_097f6b42-f141-41d3-b30f-56ce33dd0c38.jpg"",""http:\/\/bos.bj.baidubce.com\/json-api\/v1\/crowdtest-online\/upload\/8326964_4c7f9eba-5f92-4ac3-b97c-605812a44477.jpg""]",未知,P0,审核通过,2015-12-19 19:58:08,,27
0,14343379,急救快通测试,浙江省|温州市|瑞安市|陶山南路|,HUAWEI  Hol-T00,Android 4.2.2,WIFI,中国移动,Holly-T00V100R001CHSC01B076,应用分享以后无法返回。。,首页点击左上角的三条杠杠的标志，在个人信息里点击应用分享，分享到微信以后点击返回没有反应，再点击一下就会黑屏显示急救通无反应要将其关闭吗,"[""http:\/\/bos.bj.baidubce.com\/json-api\/v1\/crowdtest-online\/upload\/8326968_70394770-3d5c-4909-b0e9-3c386955966a.jpg"",""http:\/\/bos.bj.baidubce.com\/json-api\/v1\/crowdtest-online\/upload\/8326967_03b1d24c-650a-46b5-af2b-db3c45e178cc.jpg"",""http:\/\/bos.bj.baidubce.com\/json-api\/v1\/crowdtest-online\/upload\/8326966_8cb37ef6-df47-47eb-aeec-23102142d6ce.jpg"",""http:\/\/bos.bj.baidubce.com\/json-api\/v1\/crowdtest-online\/upload\/8326965_097f6b42-f141-41d3-b30f-56ce33dd0c38.jpg"",""http:\/\/bos.bj.baidubce.com\/json-api\/v1\/crowdtest-online\/upload\/8326964_4c7f9eba-5f92-4ac3-b97c-605812a44477.jpg""]",未知,P0,审核通过,2015-12-19 19:58:47,,32
0,14343379,急救快通测试,浙江省|温州市|瑞安市|陶山南路|,HUAWEI  Hol-T00,Android 4.2.2,WIFI,中国移动,Holly-T00V100R001CHSC01B076,个人信息里的身份证号可以随便写,登录以后会有个人信息填写，反正名字和身份证号都可以随便写,"[""http:\/\/bos.bj.baidubce.com\/json-api\/v1\/crowdtest-online\/upload\/8326968_70394770-3d5c-4909-b0e9-3c386955966a.jpg"",""http:\/\/bos.bj.baidubce.com\/json-api\/v1\/crowdtest-online\/upload\/8326967_03b1d24c-650a-46b5-af2b-db3c45e178cc.jpg"",""http:\/\/bos.bj.baidubce.com\/json-api\/v1\/crowdtest-online\/upload\/8326966_8cb37ef6-df47-47eb-aeec-23102142d6ce.jpg"",""http:\/\/bos.bj.baidubce.com\/json-api\/v1\/crowdtest-online\/upload\/8326965_097f6b42-f141-41d3-b30f-56ce33dd0c38.jpg"",""http:\/\/bos.bj.baidubce.com\/json-api\/v1\/crowdtest-online\/upload\/8326964_4c7f9eba-5f92-4ac3-b97c-605812a44477.jpg""]",未知,P0,审核通过,2015-12-19 19:59:05,,39
0,14353934,急救快通测试,江苏省|淮安市|涟水县|S329(炎黄大道)|,Coolpad  Coolpad 8675-W00,Android 4.4.4,WIFI,中国联通,4.4.059.P1.150831.8675-W00,进入软件之后，无法注册及登陆,进入软件之后，点击注册，用电话号码注册，显示“无法注册，网络或服务器故障”，然后使用第三方微信登陆，也无法登陆，手机本身使用的是无线网，网络没有问题。,"[""http:\/\/bos.bj.baidubce.com\/json-api\/v1\/crowdtest-online\/upload\/8336192_caaabf73-1886-48d4-a39e-d394564c5ae9.jpg"",""http:\/\/bos.bj.baidubce.com\/json-api\/v1\/crowdtest-online\/upload\/8336191_4e7676ee-f984-4d7d-a4c4-3caf1d5437a1.jpg""]",未知,P0,审核通过,2015-12-21 09:49:26,,12
0,14355531,急救快通测试,山东省|济南市|天桥区|联四路|29号,Xiaomi  HM 1SC,Android 4.3,WIFI,无SIM卡,JLS36C,安装成功后，打开应用，使用第三方微博登陆，出现一直加载现象，无法登陆,安装成功后，打开应用，使用第三方微博登陆，出现一直加载现象，无法登陆,"[""http:\/\/bos.bj.baidubce.com\/json-api\/v1\/crowdtest-online\/upload\/8300938_82d2b01e-5b37-498d-9351-62a21dc187db.jpg"",""http:\/\/bos.bj.baidubce.com\/json-api\/v1\/crowdtest-online\/upload\/8300937_3f20cb1f-4b44-4738-9f94-b96bd9a02bcc.jpg""]",未知,P0,审核通过,2015-12-19 01:07:42,,11
0,14376974,急救快通测试,广东省|广州市|越秀区|东华东路|423号,Xiaomi  Redmi Note 3,Android 5.0.2,MOBILE LTE,中国联通,LRX22G,打开app首次登录以后完善信息 身份证号码和姓名可以随意输入 不会提示错误可以保存,打开app首次登录以后完善信息 身份证号码和姓名可以随意输入 不会提示错误可以保存,"[""http:\/\/bos.bj.baidubce.com\/json-api\/v1\/crowdtest-online\/upload\/8357838_e121ed9a-6420-49bd-b0ba-68b97bfff3ca.jpg"",""http:\/\/bos.bj.baidubce.com\/json-api\/v1\/crowdtest-online\/upload\/8357837_9af17e94-c51e-4f33-b6fb-d2d6c9aaa3d9.jpg"",""http:\/\/bos.bj.baidubce.com\/json-api\/v1\/crowdtest-online\/upload\/8357836_f4957c49-2a7c-4b09-84d1-2ad192bc6b80.jpg"",""http:\/\/bos.bj.baidubce.com\/json-api\/v1\/crowdtest-online\/upload\/8357835_375fb760-1417-4749-a930-8cb0039d7276.jpg"",""http:\/\/bos.bj.baidubce.com\/json-api\/v1\/crowdtest-online\/upload\/8357834_f44549dd-d30e-431f-a4cc-d503d3e5f95e.jpg"",""http:\/\/bos.bj.baidubce.com\/json-api\/v1\/crowdtest-online\/upload\/8357833_069bd2a3-a64f-44e8-be12-3c855620d796.jpg"",""http:\/\/bos.bj.baidubce.com\/json-api\/v1\/crowdtest-online\/upload\/8357832_68a72abb-9aa1-4a23-aef7-df517e34b195.jpg"",""http:\/\/bos.bj.baidubce.com\/json-api\/v1\/crowdtest-online\/upload\/8357831_c128b783-f4cb-4a47-b167-0931b25aa7ed.jpg"",""http:\/\/bos.bj.baidubce.com\/json-api\/v1\/crowdtest-online\/upload\/8357830_ad29c762-24e7-42b2-8cea-f84377673e6b.jpg"",""http:\/\/bos.bj.baidubce.com\/json-api\/v1\/crowdtest-online\/upload\/8357829_3e6db69a-c101-42bf-b02e-52747920c87f.jpg""]",未知,P0,审核通过,2015-12-21 09:57:08,,20
0,14376974,急救快通测试,广东省|广州市|越秀区|东华东路|423号,Xiaomi  Redmi Note 3,Android 5.0.2,MOBILE LTE,中国联通,LRX22G,登录以后 点击左上角符号进入完善信息页面  输入的身份证号码还是可以更改 再次输入错误的一样可以提交成功,登录以后 点击左上角符号进入完善信息页面  输入的身份证号码还是可以更改 再次输入错误的一样可以提交成功,"[""http:\/\/bos.bj.baidubce.com\/json-api\/v1\/crowdtest-online\/upload\/8357838_e121ed9a-6420-49bd-b0ba-68b97bfff3ca.jpg"",""http:\/\/bos.bj.baidubce.com\/json-api\/v1\/crowdtest-online\/upload\/8357837_9af17e94-c51e-4f33-b6fb-d2d6c9aaa3d9.jpg"",""http:\/\/bos.bj.baidubce.com\/json-api\/v1\/crowdtest-online\/upload\/8357836_f4957c49-2a7c-4b09-84d1-2ad192bc6b80.jpg"",""http:\/\/bos.bj.baidubce.com\/json-api\/v1\/crowdtest-online\/upload\/8357835_375fb760-1417-4749-a930-8cb0039d7276.jpg"",""http:\/\/bos.bj.baidubce.com\/json-api\/v1\/crowdtest-online\/upload\/8357834_f44549dd-d30e-431f-a4cc-d503d3e5f95e.jpg"",""http:\/\/bos.bj.baidubce.com\/json-api\/v1\/crowdtest-online\/upload\/8357833_069bd2a3-a64f-44e8-be12-3c855620d796.jpg"",""http:\/\/bos.bj.baidubce.com\/json-api\/v1\/crowdtest-online\/upload\/8357832_68a72abb-9aa1-4a23-aef7-df517e34b195.jpg"",""http:\/\/bos.bj.baidubce.com\/json-api\/v1\/crowdtest-online\/upload\/8357831_c128b783-f4cb-4a47-b167-0931b25aa7ed.jpg"",""http:\/\/bos.bj.baidubce.com\/json-api\/v1\/crowdtest-online\/upload\/8357830_ad29c762-24e7-42b2-8cea-f84377673e6b.jpg"",""http:\/\/bos.bj.baidubce.com\/json-api\/v1\/crowdtest-online\/upload\/8357829_3e6db69a-c101-42bf-b02e-52747920c87f.jpg""]",未知,P0,审核通过,2015-12-21 09:57:45,,41
0,14376974,急救快通测试,广东省|广州市|越秀区|东华东路|423号,Xiaomi  Redmi Note 3,Android 5.0.2,MOBILE LTE,中国联通,LRX22G,登录以后 点击左上角符号进入应用分享页面 点击微信好友分享 进入微信分享页面以后点击返回这是app中显示正在登录请稍候 一直登录几分钟也不会消失这个符号,登录以后 点击左上角符号进入应用分享页面 点击微信好友分享 进入微信分享页面以后点击返回这是app中显示正在登录请稍候 一直登录几分钟也不会消失这个符号,"[""http:\/\/bos.bj.baidubce.com\/json-api\/v1\/crowdtest-online\/upload\/8357838_e121ed9a-6420-49bd-b0ba-68b97bfff3ca.jpg"",""http:\/\/bos.bj.baidubce.com\/json-api\/v1\/crowdtest-online\/upload\/8357837_9af17e94-c51e-4f33-b6fb-d2d6c9aaa3d9.jpg"",""http:\/\/bos.bj.baidubce.com\/json-api\/v1\/crowdtest-online\/upload\/8357836_f4957c49-2a7c-4b09-84d1-2ad192bc6b80.jpg"",""http:\/\/bos.bj.baidubce.com\/json-api\/v1\/crowdtest-online\/upload\/8357835_375fb760-1417-4749-a930-8cb0039d7276.jpg"",""http:\/\/bos.bj.baidubce.com\/json-api\/v1\/crowdtest-online\/upload\/8357834_f44549dd-d30e-431f-a4cc-d503d3e5f95e.jpg"",""http:\/\/bos.bj.baidubce.com\/json-api\/v1\/crowdtest-online\/upload\/8357833_069bd2a3-a64f-44e8-be12-3c855620d796.jpg"",""http:\/\/bos.bj.baidubce.com\/json-api\/v1\/crowdtest-online\/upload\/8357832_68a72abb-9aa1-4a23-aef7-df517e34b195.jpg"",""http:\/\/bos.bj.baidubce.com\/json-api\/v1\/crowdtest-online\/upload\/8357831_c128b783-f4cb-4a47-b167-0931b25aa7ed.jpg"",""http:\/\/bos.bj.baidubce.com\/json-api\/v1\/crowdtest-online\/upload\/8357830_ad29c762-24e7-42b2-8cea-f84377673e6b.jpg"",""http:\/\/bos.bj.baidubce.com\/json-api\/v1\/crowdtest-online\/upload\/8357829_3e6db69a-c101-42bf-b02e-52747920c87f.jpg""]",未知,P0,审核通过,2015-12-21 09:58:02,,32
0,14376974,急救快通测试,广东省|广州市|越秀区|东华东路|423号,Xiaomi  Redmi Note 3,Android 5.0.2,MOBILE LTE,中国联通,LRX22G,登录以后 点击左上角符号进入应用分享页面 点击新浪微博分享 跳转到网页中会显示访问出错 无法完成分享,登录以后 点击左上角符号进入应用分享页面 点击新浪微博分享 跳转到网页中会显示访问出错 无法完成分享,"[""http:\/\/bos.bj.baidubce.com\/json-api\/v1\/crowdtest-online\/upload\/8357838_e121ed9a-6420-49bd-b0ba-68b97bfff3ca.jpg"",""http:\/\/bos.bj.baidubce.com\/json-api\/v1\/crowdtest-online\/upload\/8357837_9af17e94-c51e-4f33-b6fb-d2d6c9aaa3d9.jpg"",""http:\/\/bos.bj.baidubce.com\/json-api\/v1\/crowdtest-online\/upload\/8357836_f4957c49-2a7c-4b09-84d1-2ad192bc6b80.jpg"",""http:\/\/bos.bj.baidubce.com\/json-api\/v1\/crowdtest-online\/upload\/8357835_375fb760-1417-4749-a930-8cb0039d7276.jpg"",""http:\/\/bos.bj.baidubce.com\/json-api\/v1\/crowdtest-online\/upload\/8357834_f44549dd-d30e-431f-a4cc-d503d3e5f95e.jpg"",""http:\/\/bos.bj.baidubce.com\/json-api\/v1\/crowdtest-online\/upload\/8357833_069bd2a3-a64f-44e8-be12-3c855620d796.jpg"",""http:\/\/bos.bj.baidubce.com\/json-api\/v1\/crowdtest-online\/upload\/8357832_68a72abb-9aa1-4a23-aef7-df517e34b195.jpg"",""http:\/\/bos.bj.baidubce.com\/json-api\/v1\/crowdtest-online\/upload\/8357831_c128b783-f4cb-4a47-b167-0931b25aa7ed.jpg"",""http:\/\/bos.bj.baidubce.com\/json-api\/v1\/crowdtest-online\/upload\/8357830_ad29c762-24e7-42b2-8cea-f84377673e6b.jpg"",""http:\/\/bos.bj.baidubce.com\/json-api\/v1\/crowdtest-online\/upload\/8357829_3e6db69a-c101-42bf-b02e-52747920c87f.jpg""]",未知,P0,审核通过,2015-12-21 09:58:24,,3
0,14376974,急救快通测试,广东省|广州市|越秀区|东华东路|423号,Xiaomi  Redmi Note 3,Android 5.0.2,MOBILE LTE,中国联通,LRX22G,登录以后 点击左上角符号进入应用分享页面 点击微信好友分享 进入朋友圈分享编辑页面以后点击返回这是app后app失灵 无法滑动及各种操作 只能通过物理按键退出,登录以后 点击左上角符号进入应用分享页面 点击微信好友分享 进入朋友圈分享编辑页面以后点击返回这是app后app失灵 无法滑动及各种操作 只能通过物理按键退出,"[""http:\/\/bos.bj.baidubce.com\/json-api\/v1\/crowdtest-online\/upload\/8357838_e121ed9a-6420-49bd-b0ba-68b97bfff3ca.jpg"",""http:\/\/bos.bj.baidubce.com\/json-api\/v1\/crowdtest-online\/upload\/8357837_9af17e94-c51e-4f33-b6fb-d2d6c9aaa3d9.jpg"",""http:\/\/bos.bj.baidubce.com\/json-api\/v1\/crowdtest-online\/upload\/8357836_f4957c49-2a7c-4b09-84d1-2ad192bc6b80.jpg"",""http:\/\/bos.bj.baidubce.com\/json-api\/v1\/crowdtest-online\/upload\/8357835_375fb760-1417-4749-a930-8cb0039d7276.jpg"",""http:\/\/bos.bj.baidubce.com\/json-api\/v1\/crowdtest-online\/upload\/8357834_f44549dd-d30e-431f-a4cc-d503d3e5f95e.jpg"",""http:\/\/bos.bj.baidubce.com\/json-api\/v1\/crowdtest-online\/upload\/8357833_069bd2a3-a64f-44e8-be12-3c855620d796.jpg"",""http:\/\/bos.bj.baidubce.com\/json-api\/v1\/crowdtest-online\/upload\/8357832_68a72abb-9aa1-4a23-aef7-df517e34b195.jpg"",""http:\/\/bos.bj.baidubce.com\/json-api\/v1\/crowdtest-online\/upload\/8357831_c128b783-f4cb-4a47-b167-0931b25aa7ed.jpg"",""http:\/\/bos.bj.baidubce.com\/json-api\/v1\/crowdtest-online\/upload\/8357830_ad29c762-24e7-42b2-8cea-f84377673e6b.jpg"",""http:\/\/bos.bj.baidubce.com\/json-api\/v1\/crowdtest-online\/upload\/8357829_3e6db69a-c101-42bf-b02e-52747920c87f.jpg""]",未知,P0,审核通过,2015-12-21 10:00:03,,32
0,14376974,急救快通测试,广东省|广州市|越秀区|东华东路|423号,Xiaomi  Redmi Note 3,Android 5.0.2,MOBILE LTE,中国联通,LRX22G,登录以后 点击左上角符号进入应用个人信息页面 点击编号 所在地 年龄三个位置无反应 无报错 正常的应该可以进入子页面,登录以后 点击左上角符号进入应用个人信息页面 点击编号 所在地 年龄三个位置无反应 无报错 正常的应该可以进入子页面,"[""http:\/\/bos.bj.baidubce.com\/json-api\/v1\/crowdtest-online\/upload\/8357838_e121ed9a-6420-49bd-b0ba-68b97bfff3ca.jpg"",""http:\/\/bos.bj.baidubce.com\/json-api\/v1\/crowdtest-online\/upload\/8357837_9af17e94-c51e-4f33-b6fb-d2d6c9aaa3d9.jpg"",""http:\/\/bos.bj.baidubce.com\/json-api\/v1\/crowdtest-online\/upload\/8357836_f4957c49-2a7c-4b09-84d1-2ad192bc6b80.jpg"",""http:\/\/bos.bj.baidubce.com\/json-api\/v1\/crowdtest-online\/upload\/8357835_375fb760-1417-4749-a930-8cb0039d7276.jpg"",""http:\/\/bos.bj.baidubce.com\/json-api\/v1\/crowdtest-online\/upload\/8357834_f44549dd-d30e-431f-a4cc-d503d3e5f95e.jpg"",""http:\/\/bos.bj.baidubce.com\/json-api\/v1\/crowdtest-online\/upload\/8357833_069bd2a3-a64f-44e8-be12-3c855620d796.jpg"",""http:\/\/bos.bj.baidubce.com\/json-api\/v1\/crowdtest-online\/upload\/8357832_68a72abb-9aa1-4a23-aef7-df517e34b195.jpg"",""http:\/\/bos.bj.baidubce.com\/json-api\/v1\/crowdtest-online\/upload\/8357831_c128b783-f4cb-4a47-b167-0931b25aa7ed.jpg"",""http:\/\/bos.bj.baidubce.com\/json-api\/v1\/crowdtest-online\/upload\/8357830_ad29c762-24e7-42b2-8cea-f84377673e6b.jpg"",""http:\/\/bos.bj.baidubce.com\/json-api\/v1\/crowdtest-online\/upload\/8357829_3e6db69a-c101-42bf-b02e-52747920c87f.jpg""]",未知,P0,审核通过,2015-12-21 09:58:34,,4
0,14376974,急救快通测试,广东省|广州市|越秀区|东华东路|423号,Xiaomi  Redmi Note 3,Android 5.0.2,MOBILE LTE,中国联通,LRX22G,在软件主页点击诊疗卡 新增 输入数据 数据可以乱写 保存一样可以保存成功 不会提示错误,在软件主页点击诊疗卡 新增 输入数据 数据可以乱写 保存一样可以保存成功 不会提示错误,"[""http:\/\/bos.bj.baidubce.com\/json-api\/v1\/crowdtest-online\/upload\/8357838_e121ed9a-6420-49bd-b0ba-68b97bfff3ca.jpg"",""http:\/\/bos.bj.baidubce.com\/json-api\/v1\/crowdtest-online\/upload\/8357837_9af17e94-c51e-4f33-b6fb-d2d6c9aaa3d9.jpg"",""http:\/\/bos.bj.baidubce.com\/json-api\/v1\/crowdtest-online\/upload\/8357836_f4957c49-2a7c-4b09-84d1-2ad192bc6b80.jpg"",""http:\/\/bos.bj.baidubce.com\/json-api\/v1\/crowdtest-online\/upload\/8357835_375fb760-1417-4749-a930-8cb0039d7276.jpg"",""http:\/\/bos.bj.baidubce.com\/json-api\/v1\/crowdtest-online\/upload\/8357834_f44549dd-d30e-431f-a4cc-d503d3e5f95e.jpg"",""http:\/\/bos.bj.baidubce.com\/json-api\/v1\/crowdtest-online\/upload\/8357833_069bd2a3-a64f-44e8-be12-3c855620d796.jpg"",""http:\/\/bos.bj.baidubce.com\/json-api\/v1\/crowdtest-online\/upload\/8357832_68a72abb-9aa1-4a23-aef7-df517e34b195.jpg"",""http:\/\/bos.bj.baidubce.com\/json-api\/v1\/crowdtest-online\/upload\/8357831_c128b783-f4cb-4a47-b167-0931b25aa7ed.jpg"",""http:\/\/bos.bj.baidubce.com\/json-api\/v1\/crowdtest-online\/upload\/8357830_ad29c762-24e7-42b2-8cea-f84377673e6b.jpg"",""http:\/\/bos.bj.baidubce.com\/json-api\/v1\/crowdtest-online\/upload\/8357829_3e6db69a-c101-42bf-b02e-52747920c87f.jpg""]",未知,P0,审核通过,2015-12-21 10:01:15,,25
0,14376974,急救快通测试,广东省|广州市|越秀区|东华东路|423号,Xiaomi  Redmi Note 3,Android 5.0.2,MOBILE LTE,中国联通,LRX22G,在软件主页点击地理位置 进入定位页面 页面中左下角羽毛符号按钮点击一下 弹出几个按钮 点击相机按钮无反应,在软件主页点击地理位置 进入定位页面 页面中左下角羽毛符号按钮点击一下 弹出几个按钮 点击相机图标  无反应,"[""http:\/\/bos.bj.baidubce.com\/json-api\/v1\/crowdtest-online\/upload\/8357838_e121ed9a-6420-49bd-b0ba-68b97bfff3ca.jpg"",""http:\/\/bos.bj.baidubce.com\/json-api\/v1\/crowdtest-online\/upload\/8357837_9af17e94-c51e-4f33-b6fb-d2d6c9aaa3d9.jpg"",""http:\/\/bos.bj.baidubce.com\/json-api\/v1\/crowdtest-online\/upload\/8357836_f4957c49-2a7c-4b09-84d1-2ad192bc6b80.jpg"",""http:\/\/bos.bj.baidubce.com\/json-api\/v1\/crowdtest-online\/upload\/8357835_375fb760-1417-4749-a930-8cb0039d7276.jpg"",""http:\/\/bos.bj.baidubce.com\/json-api\/v1\/crowdtest-online\/upload\/8357834_f44549dd-d30e-431f-a4cc-d503d3e5f95e.jpg"",""http:\/\/bos.bj.baidubce.com\/json-api\/v1\/crowdtest-online\/upload\/8357833_069bd2a3-a64f-44e8-be12-3c855620d796.jpg"",""http:\/\/bos.bj.baidubce.com\/json-api\/v1\/crowdtest-online\/upload\/8357832_68a72abb-9aa1-4a23-aef7-df517e34b195.jpg"",""http:\/\/bos.bj.baidubce.com\/json-api\/v1\/crowdtest-online\/upload\/8357831_c128b783-f4cb-4a47-b167-0931b25aa7ed.jpg"",""http:\/\/bos.bj.baidubce.com\/json-api\/v1\/crowdtest-online\/upload\/8357830_ad29c762-24e7-42b2-8cea-f84377673e6b.jpg"",""http:\/\/bos.bj.baidubce.com\/json-api\/v1\/crowdtest-online\/upload\/8357829_3e6db69a-c101-42bf-b02e-52747920c87f.jpg""]",未知,P0,审核通过,2015-12-21 10:01:05,,10
0,14376974,急救快通测试,广东省|广州市|越秀区|东华东路|423号,Xiaomi  Redmi Note 3,Android 5.0.2,MOBILE LTE,中国联通,LRX22G,在软件主页点击地理位置 进入定位页面 页面中左下角羽毛符号按钮点击一下 弹出几个按钮 点击短信图标  无反应,在软件主页点击地理位置 进入定位页面 页面中左下角羽毛符号按钮点击一下 弹出几个按钮 点击短信图标  无反应,"[""http:\/\/bos.bj.baidubce.com\/json-api\/v1\/crowdtest-online\/upload\/8357838_e121ed9a-6420-49bd-b0ba-68b97bfff3ca.jpg"",""http:\/\/bos.bj.baidubce.com\/json-api\/v1\/crowdtest-online\/upload\/8357837_9af17e94-c51e-4f33-b6fb-d2d6c9aaa3d9.jpg"",""http:\/\/bos.bj.baidubce.com\/json-api\/v1\/crowdtest-online\/upload\/8357836_f4957c49-2a7c-4b09-84d1-2ad192bc6b80.jpg"",""http:\/\/bos.bj.baidubce.com\/json-api\/v1\/crowdtest-online\/upload\/8357835_375fb760-1417-4749-a930-8cb0039d7276.jpg"",""http:\/\/bos.bj.baidubce.com\/json-api\/v1\/crowdtest-online\/upload\/8357834_f44549dd-d30e-431f-a4cc-d503d3e5f95e.jpg"",""http:\/\/bos.bj.baidubce.com\/json-api\/v1\/crowdtest-online\/upload\/8357833_069bd2a3-a64f-44e8-be12-3c855620d796.jpg"",""http:\/\/bos.bj.baidubce.com\/json-api\/v1\/crowdtest-online\/upload\/8357832_68a72abb-9aa1-4a23-aef7-df517e34b195.jpg"",""http:\/\/bos.bj.baidubce.com\/json-api\/v1\/crowdtest-online\/upload\/8357831_c128b783-f4cb-4a47-b167-0931b25aa7ed.jpg"",""http:\/\/bos.bj.baidubce.com\/json-api\/v1\/crowdtest-online\/upload\/8357830_ad29c762-24e7-42b2-8cea-f84377673e6b.jpg"",""http:\/\/bos.bj.baidubce.com\/json-api\/v1\/crowdtest-online\/upload\/8357829_3e6db69a-c101-42bf-b02e-52747920c87f.jpg""]",未知,P0,审核通过,2015-12-21 10:00:58,,10
0,14376974,急救快通测试,广东省|广州市|越秀区|东华东路|423号,Xiaomi  Redmi Note 3,Android 5.0.2,MOBILE LTE,中国联通,LRX22G,在软件主页点击地理位置 进入定位页面 页面中左下角羽毛符号按钮点击一下 弹出几个按钮 点击定位图标  无反应,在软件主页点击地理位置 进入定位页面 页面中左下角羽毛符号按钮点击一下 弹出几个按钮 点击定位图标  无反应,"[""http:\/\/bos.bj.baidubce.com\/json-api\/v1\/crowdtest-online\/upload\/8357838_e121ed9a-6420-49bd-b0ba-68b97bfff3ca.jpg"",""http:\/\/bos.bj.baidubce.com\/json-api\/v1\/crowdtest-online\/upload\/8357837_9af17e94-c51e-4f33-b6fb-d2d6c9aaa3d9.jpg"",""http:\/\/bos.bj.baidubce.com\/json-api\/v1\/crowdtest-online\/upload\/8357836_f4957c49-2a7c-4b09-84d1-2ad192bc6b80.jpg"",""http:\/\/bos.bj.baidubce.com\/json-api\/v1\/crowdtest-online\/upload\/8357835_375fb760-1417-4749-a930-8cb0039d7276.jpg"",""http:\/\/bos.bj.baidubce.com\/json-api\/v1\/crowdtest-online\/upload\/8357834_f44549dd-d30e-431f-a4cc-d503d3e5f95e.jpg"",""http:\/\/bos.bj.baidubce.com\/json-api\/v1\/crowdtest-online\/upload\/8357833_069bd2a3-a64f-44e8-be12-3c855620d796.jpg"",""http:\/\/bos.bj.baidubce.com\/json-api\/v1\/crowdtest-online\/upload\/8357832_68a72abb-9aa1-4a23-aef7-df517e34b195.jpg"",""http:\/\/bos.bj.baidubce.com\/json-api\/v1\/crowdtest-online\/upload\/8357831_c128b783-f4cb-4a47-b167-0931b25aa7ed.jpg"",""http:\/\/bos.bj.baidubce.com\/json-api\/v1\/crowdtest-online\/upload\/8357830_ad29c762-24e7-42b2-8cea-f84377673e6b.jpg"",""http:\/\/bos.bj.baidubce.com\/json-api\/v1\/crowdtest-online\/upload\/8357829_3e6db69a-c101-42bf-b02e-52747920c87f.jpg""]",未知,P0,审核通过,2015-12-21 10:00:48,,10
0,14376974,急救快通测试,广东省|广州市|越秀区|东华东路|423号,Xiaomi  Redmi Note 3,Android 5.0.2,MOBILE LTE,中国联通,LRX22G,在软件主页点击本人呼救 显示急救请求发送成功 请在此等待反馈 一直过了3到4分钟出来一个建立连接然后过了不到5秒就是正在重新建立连接 练了5分钟都没连接到。。。,在软件主页点击本人呼救 显示急救请求发送成功 请在此等待反馈 一直过了3到4分钟出来一个建立连接然后过了不到5秒就是正在重新建立连接 练了5分钟都没连接到。。。,"[""http:\/\/bos.bj.baidubce.com\/json-api\/v1\/crowdtest-online\/upload\/8357838_e121ed9a-6420-49bd-b0ba-68b97bfff3ca.jpg"",""http:\/\/bos.bj.baidubce.com\/json-api\/v1\/crowdtest-online\/upload\/8357837_9af17e94-c51e-4f33-b6fb-d2d6c9aaa3d9.jpg"",""http:\/\/bos.bj.baidubce.com\/json-api\/v1\/crowdtest-online\/upload\/8357836_f4957c49-2a7c-4b09-84d1-2ad192bc6b80.jpg"",""http:\/\/bos.bj.baidubce.com\/json-api\/v1\/crowdtest-online\/upload\/8357835_375fb760-1417-4749-a930-8cb0039d7276.jpg"",""http:\/\/bos.bj.baidubce.com\/json-api\/v1\/crowdtest-online\/upload\/8357834_f44549dd-d30e-431f-a4cc-d503d3e5f95e.jpg"",""http:\/\/bos.bj.baidubce.com\/json-api\/v1\/crowdtest-online\/upload\/8357833_069bd2a3-a64f-44e8-be12-3c855620d796.jpg"",""http:\/\/bos.bj.baidubce.com\/json-api\/v1\/crowdtest-online\/upload\/8357832_68a72abb-9aa1-4a23-aef7-df517e34b195.jpg"",""http:\/\/bos.bj.baidubce.com\/json-api\/v1\/crowdtest-online\/upload\/8357831_c128b783-f4cb-4a47-b167-0931b25aa7ed.jpg"",""http:\/\/bos.bj.baidubce.com\/json-api\/v1\/crowdtest-online\/upload\/8357830_ad29c762-24e7-42b2-8cea-f84377673e6b.jpg"",""http:\/\/bos.bj.baidubce.com\/json-api\/v1\/crowdtest-online\/upload\/8357829_3e6db69a-c101-42bf-b02e-52747920c87f.jpg""]",未知,P0,审核通过,2015-12-21 10:00:36,,26
0,14376974,急救快通测试,广东省|广州市|越秀区|东华东路|423号,Xiaomi  Redmi Note 3,Android 5.0.2,MOBILE LTE,中国联通,LRX22G,在软件主页点击远程诊断 急救状态 记录查询  点击以后图标反应点击到了 但是软件就是没得反应,在软件主页点击远程诊断 急救状态 记录查询  点击以后图标反应点击到了 但是软件就是没得反应,"[""http:\/\/bos.bj.baidubce.com\/json-api\/v1\/crowdtest-online\/upload\/8357838_e121ed9a-6420-49bd-b0ba-68b97bfff3ca.jpg"",""http:\/\/bos.bj.baidubce.com\/json-api\/v1\/crowdtest-online\/upload\/8357837_9af17e94-c51e-4f33-b6fb-d2d6c9aaa3d9.jpg"",""http:\/\/bos.bj.baidubce.com\/json-api\/v1\/crowdtest-online\/upload\/8357836_f4957c49-2a7c-4b09-84d1-2ad192bc6b80.jpg"",""http:\/\/bos.bj.baidubce.com\/json-api\/v1\/crowdtest-online\/upload\/8357835_375fb760-1417-4749-a930-8cb0039d7276.jpg"",""http:\/\/bos.bj.baidubce.com\/json-api\/v1\/crowdtest-online\/upload\/8357834_f44549dd-d30e-431f-a4cc-d503d3e5f95e.jpg"",""http:\/\/bos.bj.baidubce.com\/json-api\/v1\/crowdtest-online\/upload\/8357833_069bd2a3-a64f-44e8-be12-3c855620d796.jpg"",""http:\/\/bos.bj.baidubce.com\/json-api\/v1\/crowdtest-online\/upload\/8357832_68a72abb-9aa1-4a23-aef7-df517e34b195.jpg"",""http:\/\/bos.bj.baidubce.com\/json-api\/v1\/crowdtest-online\/upload\/8357831_c128b783-f4cb-4a47-b167-0931b25aa7ed.jpg"",""http:\/\/bos.bj.baidubce.com\/json-api\/v1\/crowdtest-online\/upload\/8357830_ad29c762-24e7-42b2-8cea-f84377673e6b.jpg"",""http:\/\/bos.bj.baidubce.com\/json-api\/v1\/crowdtest-online\/upload\/8357829_3e6db69a-c101-42bf-b02e-52747920c87f.jpg""]",未知,P0,审核通过,2015-12-21 10:00:12,,18
0,14470444,急救快通测试,江苏省|镇江市|京口区|纬九路|,OPPO  R811,Android 4.0.4,WIFI,无SIM卡,R811_12_4.11_140626,点击打开软件，进入主菜单，主界面下方少一些功能键，无法点击操作,点击打开软件，进入主菜单，主界面下方少一些功能键，无法点击操作,"[""http:\/\/bos.bj.baidubce.com\/json-api\/v1\/crowdtest-online\/upload\/8312824_a4f0ac4c-8ebf-478a-9488-67b62ecb3e18.jpg""]",未知,P0,审核通过,2015-12-19 16:43:28,,16
0,14470444,急救快通测试,江苏省|镇江市|京口区|纬九路|,OPPO  R811,Android 4.0.4,WIFI,无SIM卡,R811_12_4.11_140626,"点击打开软件，进入主菜单，点击左上角的功能键，进入""个人信息"",下方的“立即登录”键无法显示，无法操作","点击打开软件，进入主菜单，点击左上角的功能键，进入""个人信息"",下方的“立即登录”键无法显示，无法操作","[""http:\/\/bos.bj.baidubce.com\/json-api\/v1\/crowdtest-online\/upload\/8312824_a4f0ac4c-8ebf-478a-9488-67b62ecb3e18.jpg""]",未知,P0,审核通过,2015-12-19 16:44:39,,37
0,14478211,急救快通测试,河南省|郑州市|巩义市||,Huawei  PE-TL20,Android 4.4.2,WIFI,中国移动,PE-TL20V100R001CHNC00B200,进入app，主菜单，个人信息，所在地和年龄显示未知，信息已经完整填写！年龄应该正常显示！,进入app，主菜单，个人信息，所在地和年龄显示未知，信息已经完整填写！年龄应该正常显示！,"[""http:\/\/bos.bj.baidubce.com\/json-api\/v1\/crowdtest-online\/upload\/8317755_525e6fed-f1bc-4e28-8039-ad7bc107eb5a.jpg"",""http:\/\/bos.bj.baidubce.com\/json-api\/v1\/crowdtest-online\/upload\/8317754_48f561d3-d4e7-4a2b-bece-42c5c0f110e0.jpg"",""http:\/\/bos.bj.baidubce.com\/json-api\/v1\/crowdtest-online\/upload\/8317753_79716f0e-2b4e-4dee-a20c-f23093b2f7ae.jpg""]",未知,P0,审核通过,2015-12-19 16:51:22,,33
0,14478211,急救快通测试,河南省|郑州市|巩义市||,Huawei  PE-TL20,Android 4.4.2,WIFI,中国移动,PE-TL20V100R001CHNC00B200,微信登录时，输入完整信息，填写信息后，点“提交”，无法提交，提示姓名、年龄、手机号码不能为空,微信登录时，输入完整信息，填写信息后，点“提交”，无法提交，提示姓名、年龄、手机号码不能为空,"[""http:\/\/bos.bj.baidubce.com\/json-api\/v1\/crowdtest-online\/upload\/8317755_525e6fed-f1bc-4e28-8039-ad7bc107eb5a.jpg"",""http:\/\/bos.bj.baidubce.com\/json-api\/v1\/crowdtest-online\/upload\/8317754_48f561d3-d4e7-4a2b-bece-42c5c0f110e0.jpg"",""http:\/\/bos.bj.baidubce.com\/json-api\/v1\/crowdtest-online\/upload\/8317753_79716f0e-2b4e-4dee-a20c-f23093b2f7ae.jpg""]",未知,P0,审核通过,2015-12-19 16:51:34,,20
0,14478211,急救快通测试,河南省|郑州市|巩义市||,Huawei  PE-TL20,Android 4.4.2,WIFI,中国移动,PE-TL20V100R001CHNC00B200,qq登录时，输入完整信息，填写信息后，点“提交”，无法提交，提示姓名、年龄、手机号码不能为空,qq登录时，输入完整信息，填写信息后，点“提交”，无法提交，提示姓名、年龄、手机号码不能为空,"[""http:\/\/bos.bj.baidubce.com\/json-api\/v1\/crowdtest-online\/upload\/8317755_525e6fed-f1bc-4e28-8039-ad7bc107eb5a.jpg"",""http:\/\/bos.bj.baidubce.com\/json-api\/v1\/crowdtest-online\/upload\/8317754_48f561d3-d4e7-4a2b-bece-42c5c0f110e0.jpg"",""http:\/\/bos.bj.baidubce.com\/json-api\/v1\/crowdtest-online\/upload\/8317753_79716f0e-2b4e-4dee-a20c-f23093b2f7ae.jpg""]",未知,P0,审核不通过,2015-12-19 16:52:06,,20
0,14499588,急救快通测试,湖北|荆州,feixun  E653Lw,Android 4.4.4,WIFI,无SIM卡,KTU84P test-keys,定位，地图无法使用。,定位，地图无法使用。，始终在加载数据中，无法加载成功（斐讯e653lw）,"[""http:\/\/bos.bj.baidubce.com\/json-api\/v1\/crowdtest-online\/upload\/8350086_26c962a7-2522-4e99-a358-2675afc53d90.jpg""]",未知,P0,审核不通过,2015-12-21 09:54:11,,9
0,14529894,急救快通测试,北京市|北京市|朝阳区|G2(京沪高速公路)|,Coolpad  Coolpad 8675-A,Android 4.4.4,WIFI,中国联通,4.4.051.P0.150314.8675-A,登陆进入主菜单 ，点击急救状态，无任何反应,登陆进入主菜单 ，点击急救状态，无任何反应，无法进入急救页面,"[""http:\/\/bos.bj.baidubce.com\/json-api\/v1\/crowdtest-online\/upload\/8299434_398bdff2-659d-4c1a-ab59-2e608f3f13ef.jpg""]",未知,P0,审核通过,2015-12-19 00:54:07,,24
0,14529894,急救快通测试,北京市|北京市|朝阳区|G2(京沪高速公路)|,Coolpad  Coolpad 8675-A,Android 4.4.4,WIFI,中国联通,4.4.051.P0.150314.8675-A,登陆进入主菜单 ，点击记录查询，无任何反应,登陆进入主菜单 ，点击记录查询，无任何反应，无法查看记录详情,"[""http:\/\/bos.bj.baidubce.com\/json-api\/v1\/crowdtest-online\/upload\/8299434_398bdff2-659d-4c1a-ab59-2e608f3f13ef.jpg""]",未知,P0,审核通过,2015-12-19 00:54:25,,30
0,14539706,急救快通测试,北京市|北京市|昌平区|西大街|9号院-17-2,Xiaomi  MI NOTE LTE,Android 4.4.4,mobile LTE,中国移动,KTU84P,登陆和注册页面手机号输入框应限制只能输入11位数字,登陆和注册页面手机号输入框应限制只能输入11位数字,"[""http:\/\/bos.bj.baidubce.com\/json-api\/v1\/crowdtest-online\/upload\/8320662_d6bbab8e-66fa-430b-940e-fd2f378113b1.jpg"",""http:\/\/bos.bj.baidubce.com\/json-api\/v1\/crowdtest-online\/upload\/8320661_19e0ed88-3570-4397-a024-42ffe5421d75.jpg"",""http:\/\/bos.bj.baidubce.com\/json-api\/v1\/crowdtest-online\/upload\/8320660_641c574a-6751-4e1a-bd57-2db018c48a9c.jpg"",""http:\/\/bos.bj.baidubce.com\/json-api\/v1\/crowdtest-online\/upload\/8320659_42d43982-159e-45c1-8719-c58ca4034413.jpg""]",未知,P0,审核不通过,2015-12-19 16:56:07,,5
0,14611874,急救快通测试,山东省|烟台市|莱阳市|望石路|,OPPO  T29,Android 4.0.4,WIFI,无SIM卡,T29_11_4.09_130603,主菜单，点击急救状态图标，点击记录查询图标，都没相对的页面显示,主菜单，点击急救状态图标，点击记录查询图标，都没相对的页面显示,"[""http:\/\/bos.bj.baidubce.com\/json-api\/v1\/crowdtest-online\/upload\/8327386_567dcf85-a6aa-4dc1-b48d-dd86c064e930.jpg""]",未知,P0,审核通过,2015-12-19 19:59:27,,18
0,14611874,急救快通测试,山东省|烟台市|莱阳市|望石路|,OPPO  T29,Android 4.0.4,WIFI,无SIM卡,T29_11_4.09_130603,点击在线支付，显示支付宝支付和微信支付，点击支付宝支付和微信支付，没反映，无法支付,点击在线支付，显示支付宝支付和微信支付，点击支付宝支付和微信支付，没反映，无法支付,"[""http:\/\/bos.bj.baidubce.com\/json-api\/v1\/crowdtest-online\/upload\/8327386_567dcf85-a6aa-4dc1-b48d-dd86c064e930.jpg""]",未知,P0,审核通过,2015-12-19 19:59:37,,2
0,14717178,急救快通测试,江西省|南昌市|西湖区|丁公路|166号-2栋,Xiaomi  HM NOTE 1W,Android 4.4.2,WIFI,中国联通,JH3CN0.0-9a804de0c54b914fc25fb,附近医院功能出现宠物中心,这是给人急救还是宠物急救啊？宠物保健中心都出来了,"[""http:\/\/bos.bj.baidubce.com\/json-api\/v1\/crowdtest-online\/upload\/8298505_10575608-da5d-4fdc-8252-f2f25d393bb6.jpg"",""http:\/\/bos.bj.baidubce.com\/json-api\/v1\/crowdtest-online\/upload\/8298504_4f354f1a-b3e2-47d8-8149-a1c2c3d70673.jpg"",""http:\/\/bos.bj.baidubce.com\/json-api\/v1\/crowdtest-online\/upload\/8298503_f0366246-106f-4650-bfb8-08b9a436ce5d.jpg"",""http:\/\/bos.bj.baidubce.com\/json-api\/v1\/crowdtest-online\/upload\/8298502_a0b2c842-790a-4f04-9e3e-da9d3ccdde23.jpg"",""http:\/\/bos.bj.baidubce.com\/json-api\/v1\/crowdtest-online\/upload\/8298501_9e8b29f5-a7c1-4239-bed8-b98b66271c8f.jpg"",""http:\/\/bos.bj.baidubce.com\/json-api\/v1\/crowdtest-online\/upload\/8298500_7a8de8f2-04ef-4e92-a70d-5d873c616b8a.jpg"",""http:\/\/bos.bj.baidubce.com\/json-api\/v1\/crowdtest-online\/upload\/8298499_4a747391-4304-418c-aee9-8e213fc408db.jpg""]",未知,P0,审核不通过,2015-12-19 00:49:12,,23
0,14717178,急救快通测试,江西省|南昌市|西湖区|丁公路|166号-2栋,Xiaomi  HM NOTE 1W,Android 4.4.2,WIFI,中国联通,JH3CN0.0-9a804de0c54b914fc25fb,未喊急救状况下退出地理位置影响本次急救提示,未喊急救状况下进入地理位置选项后按返回键，出现退出地理位置会影响本次急救提示，红米note，miui7，wifi,"[""http:\/\/bos.bj.baidubce.com\/json-api\/v1\/crowdtest-online\/upload\/8298505_10575608-da5d-4fdc-8252-f2f25d393bb6.jpg"",""http:\/\/bos.bj.baidubce.com\/json-api\/v1\/crowdtest-online\/upload\/8298504_4f354f1a-b3e2-47d8-8149-a1c2c3d70673.jpg"",""http:\/\/bos.bj.baidubce.com\/json-api\/v1\/crowdtest-online\/upload\/8298503_f0366246-106f-4650-bfb8-08b9a436ce5d.jpg"",""http:\/\/bos.bj.baidubce.com\/json-api\/v1\/crowdtest-online\/upload\/8298502_a0b2c842-790a-4f04-9e3e-da9d3ccdde23.jpg"",""http:\/\/bos.bj.baidubce.com\/json-api\/v1\/crowdtest-online\/upload\/8298501_9e8b29f5-a7c1-4239-bed8-b98b66271c8f.jpg"",""http:\/\/bos.bj.baidubce.com\/json-api\/v1\/crowdtest-online\/upload\/8298500_7a8de8f2-04ef-4e92-a70d-5d873c616b8a.jpg"",""http:\/\/bos.bj.baidubce.com\/json-api\/v1\/crowdtest-online\/upload\/8298499_4a747391-4304-418c-aee9-8e213fc408db.jpg""]",未知,P0,审核通过,2015-12-19 00:50:11,,28
0,14717178,急救快通测试,江西省|南昌市|西湖区|丁公路|166号-2栋,Xiaomi  HM NOTE 1W,Android 4.4.2,WIFI,中国联通,JH3CN0.0-9a804de0c54b914fc25fb,出现正在重新建立连接提示并有概率卡死,未喊急救状况下进入地理位置选项后静置不动手机便出现“正在重新建立连接”提示，不按返回键不消失，有一定概率app卡死，红米note，miui7，wifi,"[""http:\/\/bos.bj.baidubce.com\/json-api\/v1\/crowdtest-online\/upload\/8298505_10575608-da5d-4fdc-8252-f2f25d393bb6.jpg"",""http:\/\/bos.bj.baidubce.com\/json-api\/v1\/crowdtest-online\/upload\/8298504_4f354f1a-b3e2-47d8-8149-a1c2c3d70673.jpg"",""http:\/\/bos.bj.baidubce.com\/json-api\/v1\/crowdtest-online\/upload\/8298503_f0366246-106f-4650-bfb8-08b9a436ce5d.jpg"",""http:\/\/bos.bj.baidubce.com\/json-api\/v1\/crowdtest-online\/upload\/8298502_a0b2c842-790a-4f04-9e3e-da9d3ccdde23.jpg"",""http:\/\/bos.bj.baidubce.com\/json-api\/v1\/crowdtest-online\/upload\/8298501_9e8b29f5-a7c1-4239-bed8-b98b66271c8f.jpg"",""http:\/\/bos.bj.baidubce.com\/json-api\/v1\/crowdtest-online\/upload\/8298500_7a8de8f2-04ef-4e92-a70d-5d873c616b8a.jpg"",""http:\/\/bos.bj.baidubce.com\/json-api\/v1\/crowdtest-online\/upload\/8298499_4a747391-4304-418c-aee9-8e213fc408db.jpg""]",未知,P0,审核通过,2015-12-19 00:50:38,,26
0,14717178,急救快通测试,江西省|南昌市|西湖区|丁公路|166号-2栋,Xiaomi  HM NOTE 1W,Android 4.4.2,WIFI,中国联通,JH3CN0.0-9a804de0c54b914fc25fb,地理位置选项中按键失效,进入地理位置，点击左下方红色羽毛，右边第一个定位按键失效，红米note，miui7，wifi,"[""http:\/\/bos.bj.baidubce.com\/json-api\/v1\/crowdtest-online\/upload\/8298505_10575608-da5d-4fdc-8252-f2f25d393bb6.jpg"",""http:\/\/bos.bj.baidubce.com\/json-api\/v1\/crowdtest-online\/upload\/8298504_4f354f1a-b3e2-47d8-8149-a1c2c3d70673.jpg"",""http:\/\/bos.bj.baidubce.com\/json-api\/v1\/crowdtest-online\/upload\/8298503_f0366246-106f-4650-bfb8-08b9a436ce5d.jpg"",""http:\/\/bos.bj.baidubce.com\/json-api\/v1\/crowdtest-online\/upload\/8298502_a0b2c842-790a-4f04-9e3e-da9d3ccdde23.jpg"",""http:\/\/bos.bj.baidubce.com\/json-api\/v1\/crowdtest-online\/upload\/8298501_9e8b29f5-a7c1-4239-bed8-b98b66271c8f.jpg"",""http:\/\/bos.bj.baidubce.com\/json-api\/v1\/crowdtest-online\/upload\/8298500_7a8de8f2-04ef-4e92-a70d-5d873c616b8a.jpg"",""http:\/\/bos.bj.baidubce.com\/json-api\/v1\/crowdtest-online\/upload\/8298499_4a747391-4304-418c-aee9-8e213fc408db.jpg""]",未知,P0,审核通过,2015-12-19 00:51:43,,28
0,14717178,急救快通测试,江西省|南昌市|西湖区|丁公路|166号-2栋,Xiaomi  HM NOTE 1W,Android 4.4.2,WIFI,中国联通,JH3CN0.0-9a804de0c54b914fc25fb,地理位置选项中按键失效,进入地理位置，点击左下方红色羽毛，右边第二个对话框按键失效，红米note，miui7，wifi,"[""http:\/\/bos.bj.baidubce.com\/json-api\/v1\/crowdtest-online\/upload\/8298505_10575608-da5d-4fdc-8252-f2f25d393bb6.jpg"",""http:\/\/bos.bj.baidubce.com\/json-api\/v1\/crowdtest-online\/upload\/8298504_4f354f1a-b3e2-47d8-8149-a1c2c3d70673.jpg"",""http:\/\/bos.bj.baidubce.com\/json-api\/v1\/crowdtest-online\/upload\/8298503_f0366246-106f-4650-bfb8-08b9a436ce5d.jpg"",""http:\/\/bos.bj.baidubce.com\/json-api\/v1\/crowdtest-online\/upload\/8298502_a0b2c842-790a-4f04-9e3e-da9d3ccdde23.jpg"",""http:\/\/bos.bj.baidubce.com\/json-api\/v1\/crowdtest-online\/upload\/8298501_9e8b29f5-a7c1-4239-bed8-b98b66271c8f.jpg"",""http:\/\/bos.bj.baidubce.com\/json-api\/v1\/crowdtest-online\/upload\/8298500_7a8de8f2-04ef-4e92-a70d-5d873c616b8a.jpg"",""http:\/\/bos.bj.baidubce.com\/json-api\/v1\/crowdtest-online\/upload\/8298499_4a747391-4304-418c-aee9-8e213fc408db.jpg""]",未知,P0,审核不通过,2015-12-19 00:52:19,,28
0,14717178,急救快通测试,江西省|南昌市|西湖区|丁公路|166号-2栋,Xiaomi  HM NOTE 1W,Android 4.4.2,WIFI,中国联通,JH3CN0.0-9a804de0c54b914fc25fb,地理位置选项中按键失效,进入地理位置，点击左下方红色羽毛，右边第三个拍照按键失效，红米note，miui7，wifi,"[""http:\/\/bos.bj.baidubce.com\/json-api\/v1\/crowdtest-online\/upload\/8298505_10575608-da5d-4fdc-8252-f2f25d393bb6.jpg"",""http:\/\/bos.bj.baidubce.com\/json-api\/v1\/crowdtest-online\/upload\/8298504_4f354f1a-b3e2-47d8-8149-a1c2c3d70673.jpg"",""http:\/\/bos.bj.baidubce.com\/json-api\/v1\/crowdtest-online\/upload\/8298503_f0366246-106f-4650-bfb8-08b9a436ce5d.jpg"",""http:\/\/bos.bj.baidubce.com\/json-api\/v1\/crowdtest-online\/upload\/8298502_a0b2c842-790a-4f04-9e3e-da9d3ccdde23.jpg"",""http:\/\/bos.bj.baidubce.com\/json-api\/v1\/crowdtest-online\/upload\/8298501_9e8b29f5-a7c1-4239-bed8-b98b66271c8f.jpg"",""http:\/\/bos.bj.baidubce.com\/json-api\/v1\/crowdtest-online\/upload\/8298500_7a8de8f2-04ef-4e92-a70d-5d873c616b8a.jpg"",""http:\/\/bos.bj.baidubce.com\/json-api\/v1\/crowdtest-online\/upload\/8298499_4a747391-4304-418c-aee9-8e213fc408db.jpg""]",未知,P0,审核不通过,2015-12-19 00:52:38,,28
0,14717178,急救快通测试,江西省|南昌市|西湖区|丁公路|166号-2栋,Xiaomi  HM NOTE 1W,Android 4.4.2,WIFI,中国联通,JH3CN0.0-9a804de0c54b914fc25fb,出现网络或服务器错误提示,未喊急救状况下进入地理位置选项后静置不动手机便出现“正在重新建立连接”提示，之后回主界面选择呼救后会进入完善信息选项，提交显示网络或服务器错误，红米note，miui7，wifi,"[""http:\/\/bos.bj.baidubce.com\/json-api\/v1\/crowdtest-online\/upload\/8298505_10575608-da5d-4fdc-8252-f2f25d393bb6.jpg"",""http:\/\/bos.bj.baidubce.com\/json-api\/v1\/crowdtest-online\/upload\/8298504_4f354f1a-b3e2-47d8-8149-a1c2c3d70673.jpg"",""http:\/\/bos.bj.baidubce.com\/json-api\/v1\/crowdtest-online\/upload\/8298503_f0366246-106f-4650-bfb8-08b9a436ce5d.jpg"",""http:\/\/bos.bj.baidubce.com\/json-api\/v1\/crowdtest-online\/upload\/8298502_a0b2c842-790a-4f04-9e3e-da9d3ccdde23.jpg"",""http:\/\/bos.bj.baidubce.com\/json-api\/v1\/crowdtest-online\/upload\/8298501_9e8b29f5-a7c1-4239-bed8-b98b66271c8f.jpg"",""http:\/\/bos.bj.baidubce.com\/json-api\/v1\/crowdtest-online\/upload\/8298500_7a8de8f2-04ef-4e92-a70d-5d873c616b8a.jpg"",""http:\/\/bos.bj.baidubce.com\/json-api\/v1\/crowdtest-online\/upload\/8298499_4a747391-4304-418c-aee9-8e213fc408db.jpg""]",未知,P0,审核通过,2015-12-19 00:53:04,,27
0,14717178,急救快通测试,江西省|南昌市|西湖区|丁公路|166号-2栋,Xiaomi  HM NOTE 1W,Android 4.4.2,WIFI,中国联通,JH3CN0.0-9a804de0c54b914fc25fb,无法进行本人呼救，显示网络或服务器错误,首页点击本人呼救，提示网络或服务器错误，红米note，miui7，wifi,"[""http:\/\/bos.bj.baidubce.com\/json-api\/v1\/crowdtest-online\/upload\/8298505_10575608-da5d-4fdc-8252-f2f25d393bb6.jpg"",""http:\/\/bos.bj.baidubce.com\/json-api\/v1\/crowdtest-online\/upload\/8298504_4f354f1a-b3e2-47d8-8149-a1c2c3d70673.jpg"",""http:\/\/bos.bj.baidubce.com\/json-api\/v1\/crowdtest-online\/upload\/8298503_f0366246-106f-4650-bfb8-08b9a436ce5d.jpg"",""http:\/\/bos.bj.baidubce.com\/json-api\/v1\/crowdtest-online\/upload\/8298502_a0b2c842-790a-4f04-9e3e-da9d3ccdde23.jpg"",""http:\/\/bos.bj.baidubce.com\/json-api\/v1\/crowdtest-online\/upload\/8298501_9e8b29f5-a7c1-4239-bed8-b98b66271c8f.jpg"",""http:\/\/bos.bj.baidubce.com\/json-api\/v1\/crowdtest-online\/upload\/8298500_7a8de8f2-04ef-4e92-a70d-5d873c616b8a.jpg"",""http:\/\/bos.bj.baidubce.com\/json-api\/v1\/crowdtest-online\/upload\/8298499_4a747391-4304-418c-aee9-8e213fc408db.jpg""]",未知,P0,审核通过,2015-12-19 00:53:10,,27
0,14717178,急救快通测试,江西省|南昌市|西湖区|丁公路|166号-2栋,Xiaomi  HM NOTE 1W,Android 4.4.2,WIFI,中国联通,JH3CN0.0-9a804de0c54b914fc25fb,无法进行远程诊断，显示网络或服务器错误,首页点击远程诊断，提示网络或服务器错误，红米note，miui7，wifi,"[""http:\/\/bos.bj.baidubce.com\/json-api\/v1\/crowdtest-online\/upload\/8298505_10575608-da5d-4fdc-8252-f2f25d393bb6.jpg"",""http:\/\/bos.bj.baidubce.com\/json-api\/v1\/crowdtest-online\/upload\/8298504_4f354f1a-b3e2-47d8-8149-a1c2c3d70673.jpg"",""http:\/\/bos.bj.baidubce.com\/json-api\/v1\/crowdtest-online\/upload\/8298503_f0366246-106f-4650-bfb8-08b9a436ce5d.jpg"",""http:\/\/bos.bj.baidubce.com\/json-api\/v1\/crowdtest-online\/upload\/8298502_a0b2c842-790a-4f04-9e3e-da9d3ccdde23.jpg"",""http:\/\/bos.bj.baidubce.com\/json-api\/v1\/crowdtest-online\/upload\/8298501_9e8b29f5-a7c1-4239-bed8-b98b66271c8f.jpg"",""http:\/\/bos.bj.baidubce.com\/json-api\/v1\/crowdtest-online\/upload\/8298500_7a8de8f2-04ef-4e92-a70d-5d873c616b8a.jpg"",""http:\/\/bos.bj.baidubce.com\/json-api\/v1\/crowdtest-online\/upload\/8298499_4a747391-4304-418c-aee9-8e213fc408db.jpg""]",未知,P0,审核通过,2015-12-19 00:53:25,,27
0,14818620,急救快通测试,福建省|厦门市|集美区|银亭路|28号,Meizu  M460,Android 4.4.4,WIFI,unknown,Flyme OS 4.2.1.2Y,首页点击“急救状态”、“记录查询”和“远程诊断”的图标后，没有任何反应。,首页点击“急救状态”、“记录查询”和“远程诊断”的图标后，没有任何反应。,"[""http:\/\/bos.bj.baidubce.com\/json-api\/v1\/crowdtest-online\/upload\/8354208_5572787a-6fde-4d02-97c3-889d31436b96.jpg""]",未知,P0,审核通过,2015-12-21 09:56:26,,18
0,14826484,急救快通测试,浙江省|温州市|瑞安市|陶山南路|,Honor  SCL-TL00,Android 5.1.1,MOBILE LTE,中国移动,SCL-TL00C01B211,主菜单页面点击某些功能没有反应,下载安装以后，主菜单页面，点击急救状态，记录查询，远程诊断没有反应,"[""http:\/\/bos.bj.baidubce.com\/json-api\/v1\/crowdtest-online\/upload\/8320827_213c66f7-c0d6-496d-a599-acfac67b3ac0.jpg"",""http:\/\/bos.bj.baidubce.com\/json-api\/v1\/crowdtest-online\/upload\/8320826_5a71de00-c0a6-4b5c-8db6-071de8aad7e5.jpg"",""http:\/\/bos.bj.baidubce.com\/json-api\/v1\/crowdtest-online\/upload\/8320825_d5a23042-1c38-4cc2-ab4d-f675de8965a2.jpg"",""http:\/\/bos.bj.baidubce.com\/json-api\/v1\/crowdtest-online\/upload\/8320824_50f8c3ec-a6ba-4bdd-93b3-dbe6c8c2ace0.jpg""]",未知,P0,审核通过,2015-12-19 16:59:00,,18
0,14826484,急救快通测试,浙江省|温州市|瑞安市|陶山南路|,Honor  SCL-TL00,Android 5.1.1,MOBILE LTE,中国移动,SCL-TL00C01B211,无法定位当前位置。。。,首页点击右上角的点击定位，页面显示定位中评稍等，一直都是这样等了很长时间都没有定位到,"[""http:\/\/bos.bj.baidubce.com\/json-api\/v1\/crowdtest-online\/upload\/8320827_213c66f7-c0d6-496d-a599-acfac67b3ac0.jpg"",""http:\/\/bos.bj.baidubce.com\/json-api\/v1\/crowdtest-online\/upload\/8320826_5a71de00-c0a6-4b5c-8db6-071de8aad7e5.jpg"",""http:\/\/bos.bj.baidubce.com\/json-api\/v1\/crowdtest-online\/upload\/8320825_d5a23042-1c38-4cc2-ab4d-f675de8965a2.jpg"",""http:\/\/bos.bj.baidubce.com\/json-api\/v1\/crowdtest-online\/upload\/8320824_50f8c3ec-a6ba-4bdd-93b3-dbe6c8c2ace0.jpg""]",未知,P0,审核通过,2015-12-19 16:59:17,,29
0,14826484,急救快通测试,浙江省|温州市|瑞安市|陶山南路|,Honor  SCL-TL00,Android 5.1.1,MOBILE LTE,中国移动,SCL-TL00C01B211,地理位置中的地图功能无法使用,首页点击地理位置页面左下角有个红色的羽毛标志，点击羽毛标志会出现四个圆圈，点击四个圆圈除了录音的那个偶尔有反应其余三个照相短信定位的都没有反应,"[""http:\/\/bos.bj.baidubce.com\/json-api\/v1\/crowdtest-online\/upload\/8320827_213c66f7-c0d6-496d-a599-acfac67b3ac0.jpg"",""http:\/\/bos.bj.baidubce.com\/json-api\/v1\/crowdtest-online\/upload\/8320826_5a71de00-c0a6-4b5c-8db6-071de8aad7e5.jpg"",""http:\/\/bos.bj.baidubce.com\/json-api\/v1\/crowdtest-online\/upload\/8320825_d5a23042-1c38-4cc2-ab4d-f675de8965a2.jpg"",""http:\/\/bos.bj.baidubce.com\/json-api\/v1\/crowdtest-online\/upload\/8320824_50f8c3ec-a6ba-4bdd-93b3-dbe6c8c2ace0.jpg""]",未知,P0,审核通过,2015-12-19 16:59:27,,28
0,14826484,急救快通测试,浙江省|温州市|瑞安市|陶山南路|,Honor  SCL-TL00,Android 5.1.1,MOBILE LTE,中国移动,SCL-TL00C01B211,在线支付功能无法使用。。,首页点击在线支付下面会出现支付宝支付和微信支付，点击他们，都没有反应,"[""http:\/\/bos.bj.baidubce.com\/json-api\/v1\/crowdtest-online\/upload\/8320827_213c66f7-c0d6-496d-a599-acfac67b3ac0.jpg"",""http:\/\/bos.bj.baidubce.com\/json-api\/v1\/crowdtest-online\/upload\/8320826_5a71de00-c0a6-4b5c-8db6-071de8aad7e5.jpg"",""http:\/\/bos.bj.baidubce.com\/json-api\/v1\/crowdtest-online\/upload\/8320825_d5a23042-1c38-4cc2-ab4d-f675de8965a2.jpg"",""http:\/\/bos.bj.baidubce.com\/json-api\/v1\/crowdtest-online\/upload\/8320824_50f8c3ec-a6ba-4bdd-93b3-dbe6c8c2ace0.jpg""]",未知,P0,审核通过,2015-12-19 16:59:37,,2
0,14853378,急救快通测试,福建省|福州市|永泰县|上坪路|37号,Honor  CHM-TL00H,Android 4.4.2,WIFI,中国移动,CHM-TL00H V100R001C00B220,注册时完善信息，提交了，说网络或者服务器问题交不了,注册时完善信息，提交了，说网络或者服务器问题交不了。手机是华为4c,"[""http:\/\/bos.bj.baidubce.com\/json-api\/v1\/crowdtest-online\/upload\/8302196_39fe953e-3d3b-4d34-844e-71ed85a542a4.jpg"",""http:\/\/bos.bj.baidubce.com\/json-api\/v1\/crowdtest-online\/upload\/8302195_5a42553d-6118-450b-920c-6ed53d1d4f9a.jpg"",""http:\/\/bos.bj.baidubce.com\/json-api\/v1\/crowdtest-online\/upload\/8302194_cfe9c80d-1482-40e1-bdae-59e2ed03f0ee.jpg"",""http:\/\/bos.bj.baidubce.com\/json-api\/v1\/crowdtest-online\/upload\/8302193_fa58dbdf-e29a-4743-a294-1e553c9d3366.jpg""]",未知,P0,审核通过,2015-12-19 01:22:36,,41
0,14853378,急救快通测试,福建省|福州市|永泰县|上坪路|37号,Honor  CHM-TL00H,Android 4.4.2,WIFI,中国移动,CHM-TL00H V100R001C00B220,用qq账号登陆也不行，还是网络或者服务器问题,用qq账号登陆也不行，还是网络或者服务器问题。手机是华为4c,"[""http:\/\/bos.bj.baidubce.com\/json-api\/v1\/crowdtest-online\/upload\/8302196_39fe953e-3d3b-4d34-844e-71ed85a542a4.jpg"",""http:\/\/bos.bj.baidubce.com\/json-api\/v1\/crowdtest-online\/upload\/8302195_5a42553d-6118-450b-920c-6ed53d1d4f9a.jpg"",""http:\/\/bos.bj.baidubce.com\/json-api\/v1\/crowdtest-online\/upload\/8302194_cfe9c80d-1482-40e1-bdae-59e2ed03f0ee.jpg"",""http:\/\/bos.bj.baidubce.com\/json-api\/v1\/crowdtest-online\/upload\/8302193_fa58dbdf-e29a-4743-a294-1e553c9d3366.jpg""]",未知,P0,审核通过,2015-12-19 01:22:30,,12
0,14859352,急救快通测试,江苏省|苏州市|相城区|南天成路|,htccn_chs_cmcc  HTC T329t,Android 4.0.4,WIFI,无SIM卡,IMM76D,主菜单点击【急救状态】未跳转到相应页面,"前提：用户已登录，无急救记录
进入主菜单，点击【急救状态】
预期结果：进入急救状态页面
实际结果：没有打开相应页面，也没有提示","[""http:\/\/bos.bj.baidubce.com\/json-api\/v1\/crowdtest-online\/upload\/8385347_c55a3853-d273-40ca-bbae-02b8bddab797.jpg""]",未知,P0,审核不通过,2015-12-21 18:32:49,,24
0,14859352,急救快通测试,江苏省|苏州市|相城区|南天成路|,htccn_chs_cmcc  HTC T329t,Android 4.0.4,WIFI,无SIM卡,IMM76D,主菜单点击【记录查询】未跳转到相应页面,"前提：用户已登录
进入主菜单，点击【记录查询】
预期结果：进入记录查询页面，如果没有记录也应该给出相应提示
实际结果：没有打开相应页面，也没有提示","[""http:\/\/bos.bj.baidubce.com\/json-api\/v1\/crowdtest-online\/upload\/8385347_c55a3853-d273-40ca-bbae-02b8bddab797.jpg""]",未知,P0,审核不通过,2015-12-21 18:33:29,,30
0,14859352,急救快通测试,江苏省|苏州市|相城区|南天成路|,htccn_chs_cmcc  HTC T329t,Android 4.0.4,WIFI,无SIM卡,IMM76D,主菜单点击【远程查询】未跳转到相应页面,"前提：用户已登录
进入主菜单，点击【远程诊断】
预期结果：进入远程诊断页面
实际结果：没有打开相应页面，也没有提示","[""http:\/\/bos.bj.baidubce.com\/json-api\/v1\/crowdtest-online\/upload\/8385347_c55a3853-d273-40ca-bbae-02b8bddab797.jpg""]",未知,P0,审核通过,2015-12-21 18:33:34,,30
0,14859352,急救快通测试,江苏省|苏州市|相城区|南天成路|,htccn_chs_cmcc  HTC T329t,Android 4.0.4,WIFI,无SIM卡,IMM76D,800*480分辨率手机，主菜单底部按钮显示不全,"测试设备 ：htc t329t 分辨率800*480
进入主菜单
实际结果：底部有两个按钮显示不全，看不到按钮上的文字","[""http:\/\/bos.bj.baidubce.com\/json-api\/v1\/crowdtest-online\/upload\/8385347_c55a3853-d273-40ca-bbae-02b8bddab797.jpg""]",未知,P0,审核通过,2015-12-21 18:33:44,,40
0,14920030,急救快通测试,北京市|北京市|海淀区|西北旺四街|,TCL  TCL M2M,Android 4.4.4,WIFI,中国移动,TCL_M2M_V1.2,注册完成之后，点击修改个人信息，无法提交，显示服务器错误。,注册完成之后，点击修改个人信息，无法提交，显示服务器错误。,"[""http:\/\/bos.bj.baidubce.com\/json-api\/v1\/crowdtest-online\/upload\/8357171_a7a7aedb-2bcb-48b9-8ffb-c63ae6805727.jpg""]",未知,P0,审核通过,2015-12-20 23:07:33,,39
0,14927138,急救快通测试,北京市|北京市|海淀区|西北旺四街|,google  Nexus 5,Android 4.4.3,WIFI,无SIM卡,KTU84M,注册完成之后，填写个人信息，无法提交。,注册完成之后，填写个人信息，无法提交。显示的是服务器错误。,"[""http:\/\/bos.bj.baidubce.com\/json-api\/v1\/crowdtest-online\/upload\/8328701_5c7d700e-5fb4-4ca8-96fa-4254e49b5496.jpg"",""http:\/\/bos.bj.baidubce.com\/json-api\/v1\/crowdtest-online\/upload\/8328700_4c2cc52d-aaee-4b1a-8a12-f6ce461f3630.jpg"",""http:\/\/bos.bj.baidubce.com\/json-api\/v1\/crowdtest-online\/upload\/8328699_cf93e03a-a2c0-49b1-84d2-286d6afbf170.jpg""]",未知,P0,审核通过,2015-12-19 20:08:43,,39
0,15053395,急救快通测试,重庆市|重庆市|南岸区|南湖路|18号,Meitu Kiss  Meitu Kiss,Android 4.2.1,WIFI,无SIM卡,Meitu Kiss V27.0,点击附近医院未加载成功,首页点击附近医院，一直显示在加载中，后显示加载未成功,"[""http:\/\/bos.bj.baidubce.com\/json-api\/v1\/crowdtest-online\/upload\/8324508_cd6fe132-3700-4fa4-a87b-96c3fe3a5dd6.jpg""]",未知,P0,审核不通过,2015-12-19 18:07:16,,9
0,15065700,急救快通测试,湖南省|岳阳市|湘阴县|S308(新世纪大道)|,HONOR  PLK-TL01H,Android 5.0.2,WIFI,中国移动,PLK-TL01HC01B188,下载安装app注册打开首页后点记录查询无任务界面跳出及提示,下载安装app注册打开首页后点记录查询无任务界面跳出及提示,"[""http:\/\/bos.bj.baidubce.com\/json-api\/v1\/crowdtest-online\/upload\/8360059_bdef4bce-217b-4ca1-96c8-a8ac8930c5ce.jpg"",""http:\/\/bos.bj.baidubce.com\/json-api\/v1\/crowdtest-online\/upload\/8360058_835e72d7-410b-402a-8137-96bf6dd726e5.jpg""]",未知,P0,审核不通过,2015-12-21 10:05:59,,6
0,15065700,急救快通测试,湖南省|岳阳市|湘阴县|S308(新世纪大道)|,HONOR  PLK-TL01H,Android 5.0.2,WIFI,中国移动,PLK-TL01HC01B188,下载安装app注册打开首页后点急救状态无任务界面跳出及提示,下载安装app注册打开首页后点急救状态无任务界面跳出及提示,"[""http:\/\/bos.bj.baidubce.com\/json-api\/v1\/crowdtest-online\/upload\/8360059_bdef4bce-217b-4ca1-96c8-a8ac8930c5ce.jpg"",""http:\/\/bos.bj.baidubce.com\/json-api\/v1\/crowdtest-online\/upload\/8360058_835e72d7-410b-402a-8137-96bf6dd726e5.jpg""]",未知,P0,审核通过,2015-12-21 10:06:34,,6
0,15065700,急救快通测试,湖南省|岳阳市|湘阴县|S308(新世纪大道)|,HONOR  PLK-TL01H,Android 5.0.2,WIFI,中国移动,PLK-TL01HC01B188,下载安装app注册打开首页后点在线支付后跳出微信支付与支付宝支付，接下面的微信支付与支付宝支付无任务反应及提示,下载安装app注册打开首页后点在线支付后跳出微信支付与支付宝支付，接下面的微信支付与支付宝支付无任务反应及提示,"[""http:\/\/bos.bj.baidubce.com\/json-api\/v1\/crowdtest-online\/upload\/8360059_bdef4bce-217b-4ca1-96c8-a8ac8930c5ce.jpg"",""http:\/\/bos.bj.baidubce.com\/json-api\/v1\/crowdtest-online\/upload\/8360058_835e72d7-410b-402a-8137-96bf6dd726e5.jpg""]",未知,P0,审核通过,2015-12-21 10:06:24,,2
0,15065700,急救快通测试,湖南省|岳阳市|湘阴县|S308(新世纪大道)|,HONOR  PLK-TL01H,Android 5.0.2,WIFI,中国移动,PLK-TL01HC01B188,下载安装app注册打开首页后点远程诊断无任务界面跳出及提示,下载安装app注册打开首页后点远程诊断无任务界面跳出及提示,"[""http:\/\/bos.bj.baidubce.com\/json-api\/v1\/crowdtest-online\/upload\/8360059_bdef4bce-217b-4ca1-96c8-a8ac8930c5ce.jpg"",""http:\/\/bos.bj.baidubce.com\/json-api\/v1\/crowdtest-online\/upload\/8360058_835e72d7-410b-402a-8137-96bf6dd726e5.jpg""]",未知,P0,审核不通过,2015-12-21 10:06:11,,6
0,15085574,急救快通测试,湖南省|湘潭市|岳塘区|东湖路|,Honor  HONOR H30-L02,Android 5.1.1,WIFI,无SIM卡,H30-L02C00B315,第三方登陆失败，无法正常登陆,第三方登陆失败，无法正常登陆，我用qq以及微信都出现了登陆失败的情景,"[""http:\/\/bos.bj.baidubce.com\/json-api\/v1\/crowdtest-online\/upload\/8332215_09f0fe61-8825-4b8e-b750-d9b4b3286f2c.jpg"",""http:\/\/bos.bj.baidubce.com\/json-api\/v1\/crowdtest-online\/upload\/8332214_561e040a-9a4c-426e-960b-38f1d80b11c3.jpg"",""http:\/\/bos.bj.baidubce.com\/json-api\/v1\/crowdtest-online\/upload\/8332213_f75eaf83-8d5d-43d0-9ebb-d5309cbaa842.jpg"",""http:\/\/bos.bj.baidubce.com\/json-api\/v1\/crowdtest-online\/upload\/8332212_082a159b-4c56-4a6e-a55d-d0b8febb7277.jpg"",""http:\/\/bos.bj.baidubce.com\/json-api\/v1\/crowdtest-online\/upload\/8332211_7a68d3f7-0ab1-4e44-98b2-0d171a4a9ea8.jpg""]",未知,P0,审核通过,2015-12-21 09:47:17,,11
0,15282844,急救快通测试,广东省|中山市|中山市市辖区|同福中路|,vivo  vivo Y923,Android 4.4.4,WIFI,中国移动,KTU84P dev-keys,微信和qq登陆。显示登陆失败，网络或服务器故障,下载安装app，进入登陆页面，微信和qq登陆。显示登陆失败，网络或服务器故障，确定网络是ok的,"[""http:\/\/bos.bj.baidubce.com\/json-api\/v1\/crowdtest-online\/upload\/8337799_0f972007-9ecb-478b-9497-c052341d9f60.jpg""]",未知,P0,审核通过,2015-12-21 09:49:35,,12
0,15282844,急救快通测试,广东省|中山市|中山市市辖区|同福中路|,vivo  vivo Y923,Android 4.4.4,WIFI,中国移动,KTU84P dev-keys,完善信息页面，填写信息保存，显示网络或服务器错误,下载安装app，完善信息页面，填写信息保存，显示网络或服务器错误,"[""http:\/\/bos.bj.baidubce.com\/json-api\/v1\/crowdtest-online\/upload\/8337799_0f972007-9ecb-478b-9497-c052341d9f60.jpg""]",未知,P0,审核通过,2015-12-21 09:49:54,,39
0,15287469,急救快通测试,北京市|北京市|朝阳区|安家楼村路|,htc  HTC M8w,Android 4.4.2,WIFI,无SIM卡,KOT49H release-keys,进入完善信息页面，输入正确的年份后在删除，年龄框还显示数字（应该更随年份删除而删除）,进入完善信息页面，输入正确的年份后在删除，年龄框还显示数字（应该更随年份删除而删除）,"[""http:\/\/bos.bj.baidubce.com\/json-api\/v1\/crowdtest-online\/upload\/8373361_1a0fc21c-6e42-45a9-8639-a8c24439eb61.jpg"",""http:\/\/bos.bj.baidubce.com\/json-api\/v1\/crowdtest-online\/upload\/8373360_9ad048b4-7d42-470b-b02e-396532e0e479.jpg"",""http:\/\/bos.bj.baidubce.com\/json-api\/v1\/crowdtest-online\/upload\/8373359_7c47e44a-aa70-4dc8-9763-21a02fc385a8.jpg"",""http:\/\/bos.bj.baidubce.com\/json-api\/v1\/crowdtest-online\/upload\/8373358_edc0a3a7-3db3-4a22-aa61-4e7348441c0c.jpg"",""http:\/\/bos.bj.baidubce.com\/json-api\/v1\/crowdtest-online\/upload\/8373357_c23f36d9-5800-4d13-b8ec-d8dbec92adef.jpg""]",未知,P0,审核通过,2015-12-21 17:19:22,,1
0,15287469,急救快通测试,北京市|北京市|朝阳区|安家楼村路|,htc  HTC M8w,Android 4.4.2,WIFI,无SIM卡,KOT49H release-keys,点击主菜单下的急救状态、记录查询、远程诊断，不会进入相应的模块,点击主菜单下的急救状态、记录查询、远程诊断，不会进入相应的模块,"[""http:\/\/bos.bj.baidubce.com\/json-api\/v1\/crowdtest-online\/upload\/8373361_1a0fc21c-6e42-45a9-8639-a8c24439eb61.jpg"",""http:\/\/bos.bj.baidubce.com\/json-api\/v1\/crowdtest-online\/upload\/8373360_9ad048b4-7d42-470b-b02e-396532e0e479.jpg"",""http:\/\/bos.bj.baidubce.com\/json-api\/v1\/crowdtest-online\/upload\/8373359_7c47e44a-aa70-4dc8-9763-21a02fc385a8.jpg"",""http:\/\/bos.bj.baidubce.com\/json-api\/v1\/crowdtest-online\/upload\/8373358_edc0a3a7-3db3-4a22-aa61-4e7348441c0c.jpg"",""http:\/\/bos.bj.baidubce.com\/json-api\/v1\/crowdtest-online\/upload\/8373357_c23f36d9-5800-4d13-b8ec-d8dbec92adef.jpg""]",未知,P0,审核通过,2015-12-21 17:19:30,,18
0,15287469,急救快通测试,北京市|北京市|朝阳区|安家楼村路|,htc  HTC M8w,Android 4.4.2,WIFI,无SIM卡,KOT49H release-keys,点击主菜单下的在线支付，弹出的两种支付方式，点击均无法支付,点击主菜单下的在线支付，弹出的两种支付方式，点击均无法支付,"[""http:\/\/bos.bj.baidubce.com\/json-api\/v1\/crowdtest-online\/upload\/8373361_1a0fc21c-6e42-45a9-8639-a8c24439eb61.jpg"",""http:\/\/bos.bj.baidubce.com\/json-api\/v1\/crowdtest-online\/upload\/8373360_9ad048b4-7d42-470b-b02e-396532e0e479.jpg"",""http:\/\/bos.bj.baidubce.com\/json-api\/v1\/crowdtest-online\/upload\/8373359_7c47e44a-aa70-4dc8-9763-21a02fc385a8.jpg"",""http:\/\/bos.bj.baidubce.com\/json-api\/v1\/crowdtest-online\/upload\/8373358_edc0a3a7-3db3-4a22-aa61-4e7348441c0c.jpg"",""http:\/\/bos.bj.baidubce.com\/json-api\/v1\/crowdtest-online\/upload\/8373357_c23f36d9-5800-4d13-b8ec-d8dbec92adef.jpg""]",未知,P0,审核通过,2015-12-21 18:30:24,,2
0,15287469,急救快通测试,北京市|北京市|朝阳区|安家楼村路|,htc  HTC M8w,Android 4.4.2,WIFI,无SIM卡,KOT49H release-keys,点击主菜单下的在线支付，弹出的两种支付方式，点击物理键盘返回键后，无法收起两种支付方式,点击主菜单下的在线支付，弹出的两种支付方式，点击物理键盘返回键后，无法收起两种支付方式,"[""http:\/\/bos.bj.baidubce.com\/json-api\/v1\/crowdtest-online\/upload\/8373361_1a0fc21c-6e42-45a9-8639-a8c24439eb61.jpg"",""http:\/\/bos.bj.baidubce.com\/json-api\/v1\/crowdtest-online\/upload\/8373360_9ad048b4-7d42-470b-b02e-396532e0e479.jpg"",""http:\/\/bos.bj.baidubce.com\/json-api\/v1\/crowdtest-online\/upload\/8373359_7c47e44a-aa70-4dc8-9763-21a02fc385a8.jpg"",""http:\/\/bos.bj.baidubce.com\/json-api\/v1\/crowdtest-online\/upload\/8373358_edc0a3a7-3db3-4a22-aa61-4e7348441c0c.jpg"",""http:\/\/bos.bj.baidubce.com\/json-api\/v1\/crowdtest-online\/upload\/8373357_c23f36d9-5800-4d13-b8ec-d8dbec92adef.jpg""]",未知,P0,审核通过,2015-12-21 18:30:37,,2
0,15287469,急救快通测试,北京市|北京市|朝阳区|安家楼村路|,htc  HTC M8w,Android 4.4.2,WIFI,无SIM卡,KOT49H release-keys,点击主菜单右上角的点击定位旁的下拉图标，无法调起城市列表,点击主菜单右上角的点击定位旁的下拉图标，无法调起城市列表,"[""http:\/\/bos.bj.baidubce.com\/json-api\/v1\/crowdtest-online\/upload\/8373361_1a0fc21c-6e42-45a9-8639-a8c24439eb61.jpg"",""http:\/\/bos.bj.baidubce.com\/json-api\/v1\/crowdtest-online\/upload\/8373360_9ad048b4-7d42-470b-b02e-396532e0e479.jpg"",""http:\/\/bos.bj.baidubce.com\/json-api\/v1\/crowdtest-online\/upload\/8373359_7c47e44a-aa70-4dc8-9763-21a02fc385a8.jpg"",""http:\/\/bos.bj.baidubce.com\/json-api\/v1\/crowdtest-online\/upload\/8373358_edc0a3a7-3db3-4a22-aa61-4e7348441c0c.jpg"",""http:\/\/bos.bj.baidubce.com\/json-api\/v1\/crowdtest-online\/upload\/8373357_c23f36d9-5800-4d13-b8ec-d8dbec92adef.jpg""]",未知,P0,审核通过,2015-12-21 18:30:48,,22
0,15287469,急救快通测试,北京市|北京市|朝阳区|安家楼村路|,htc  HTC M8w,Android 4.4.2,WIFI,无SIM卡,KOT49H release-keys,点击急救手册，进入医疗常识下任一详情页面，点击右上角的分享图标，无法调起分享列表,点击急救手册，进入医疗常识下任一详情页面，点击右上角的分享图标，无法调起分享列表,"[""http:\/\/bos.bj.baidubce.com\/json-api\/v1\/crowdtest-online\/upload\/8373361_1a0fc21c-6e42-45a9-8639-a8c24439eb61.jpg"",""http:\/\/bos.bj.baidubce.com\/json-api\/v1\/crowdtest-online\/upload\/8373360_9ad048b4-7d42-470b-b02e-396532e0e479.jpg"",""http:\/\/bos.bj.baidubce.com\/json-api\/v1\/crowdtest-online\/upload\/8373359_7c47e44a-aa70-4dc8-9763-21a02fc385a8.jpg"",""http:\/\/bos.bj.baidubce.com\/json-api\/v1\/crowdtest-online\/upload\/8373358_edc0a3a7-3db3-4a22-aa61-4e7348441c0c.jpg"",""http:\/\/bos.bj.baidubce.com\/json-api\/v1\/crowdtest-online\/upload\/8373357_c23f36d9-5800-4d13-b8ec-d8dbec92adef.jpg""]",未知,P0,审核通过,2015-12-21 18:31:04,,40
0,15287469,急救快通测试,北京市|北京市|朝阳区|安家楼村路|,htc  HTC M8w,Android 4.4.2,WIFI,无SIM卡,KOT49H release-keys,进入急救手册页面，点击滑动的四个图片，进入的页面都是‘我的随身医生’页面，没有进入图片上显示的内容页面,进入急救手册页面，点击滑动的四个图片，进入的页面都是‘我的随身医生’页面，没有进入图片上显示的内容页面,"[""http:\/\/bos.bj.baidubce.com\/json-api\/v1\/crowdtest-online\/upload\/8373361_1a0fc21c-6e42-45a9-8639-a8c24439eb61.jpg"",""http:\/\/bos.bj.baidubce.com\/json-api\/v1\/crowdtest-online\/upload\/8373360_9ad048b4-7d42-470b-b02e-396532e0e479.jpg"",""http:\/\/bos.bj.baidubce.com\/json-api\/v1\/crowdtest-online\/upload\/8373359_7c47e44a-aa70-4dc8-9763-21a02fc385a8.jpg"",""http:\/\/bos.bj.baidubce.com\/json-api\/v1\/crowdtest-online\/upload\/8373358_edc0a3a7-3db3-4a22-aa61-4e7348441c0c.jpg"",""http:\/\/bos.bj.baidubce.com\/json-api\/v1\/crowdtest-online\/upload\/8373357_c23f36d9-5800-4d13-b8ec-d8dbec92adef.jpg""]",未知,P0,审核通过,2015-12-21 18:31:18,,21
0,15313122,急救快通测试,北京市|北京市|朝阳区|朝阳北路|36号,Xiaomi  MI 4W,Android 4.4.4,WIFI,无SIM卡,KTU84P,进入完善信息页面，删除年份数据后，年龄数据不会跟着删除,进入完善信息页面，删除年份数据后，年龄数据不会跟着删除,"[""http:\/\/bos.bj.baidubce.com\/json-api\/v1\/crowdtest-online\/upload\/8332193_8e59149a-c237-4665-846f-580314cd0631.jpg"",""http:\/\/bos.bj.baidubce.com\/json-api\/v1\/crowdtest-online\/upload\/8332192_9ba0fd7b-fd2b-4561-b44f-af2c8a7f9c98.jpg"",""http:\/\/bos.bj.baidubce.com\/json-api\/v1\/crowdtest-online\/upload\/8332191_4c5e2227-9829-4620-b3d0-ab079ec10fff.jpg"",""http:\/\/bos.bj.baidubce.com\/json-api\/v1\/crowdtest-online\/upload\/8332190_dab98a57-d6c4-4d6e-94e0-410811d8a486.jpg"",""http:\/\/bos.bj.baidubce.com\/json-api\/v1\/crowdtest-online\/upload\/8332189_4c394157-04c8-4708-9161-3ee5cd095b5f.jpg""]",未知,P0,审核通过,2015-12-21 09:45:02,,1
0,15313122,急救快通测试,北京市|北京市|朝阳区|朝阳北路|36号,Xiaomi  MI 4W,Android 4.4.4,WIFI,无SIM卡,KTU84P,输入姓名后点击提交，提示“姓名年龄手机号不能为空”，提示不合理，应该提示出姓名外的部分不能为空,输入姓名后点击提交，提示“姓名年龄手机号不能为空”，提示不合理，应该提示出姓名外的部分不能为空,"[""http:\/\/bos.bj.baidubce.com\/json-api\/v1\/crowdtest-online\/upload\/8332193_8e59149a-c237-4665-846f-580314cd0631.jpg"",""http:\/\/bos.bj.baidubce.com\/json-api\/v1\/crowdtest-online\/upload\/8332192_9ba0fd7b-fd2b-4561-b44f-af2c8a7f9c98.jpg"",""http:\/\/bos.bj.baidubce.com\/json-api\/v1\/crowdtest-online\/upload\/8332191_4c5e2227-9829-4620-b3d0-ab079ec10fff.jpg"",""http:\/\/bos.bj.baidubce.com\/json-api\/v1\/crowdtest-online\/upload\/8332190_dab98a57-d6c4-4d6e-94e0-410811d8a486.jpg"",""http:\/\/bos.bj.baidubce.com\/json-api\/v1\/crowdtest-online\/upload\/8332189_4c394157-04c8-4708-9161-3ee5cd095b5f.jpg""]",未知,P0,审核不通过,2015-12-21 09:44:10,,20
0,15313122,急救快通测试,北京市|北京市|朝阳区|朝阳北路|36号,Xiaomi  MI 4W,Android 4.4.4,WIFI,无SIM卡,KTU84P,点击主菜单的急救状态，点击无效，无法进入相应的模块,点击主菜单的急救状态，点击无效，无法进入相应的模块,"[""http:\/\/bos.bj.baidubce.com\/json-api\/v1\/crowdtest-online\/upload\/8332193_8e59149a-c237-4665-846f-580314cd0631.jpg"",""http:\/\/bos.bj.baidubce.com\/json-api\/v1\/crowdtest-online\/upload\/8332192_9ba0fd7b-fd2b-4561-b44f-af2c8a7f9c98.jpg"",""http:\/\/bos.bj.baidubce.com\/json-api\/v1\/crowdtest-online\/upload\/8332191_4c5e2227-9829-4620-b3d0-ab079ec10fff.jpg"",""http:\/\/bos.bj.baidubce.com\/json-api\/v1\/crowdtest-online\/upload\/8332190_dab98a57-d6c4-4d6e-94e0-410811d8a486.jpg"",""http:\/\/bos.bj.baidubce.com\/json-api\/v1\/crowdtest-online\/upload\/8332189_4c394157-04c8-4708-9161-3ee5cd095b5f.jpg""]",未知,P0,审核不通过,2015-12-21 09:46:04,,24
0,15313122,急救快通测试,北京市|北京市|朝阳区|朝阳北路|36号,Xiaomi  MI 4W,Android 4.4.4,WIFI,无SIM卡,KTU84P,点击主菜单的记录查询，点击无效，无法进入相应的模块,点击主菜单的记录查询，点击无效，无法进入相应的模块,"[""http:\/\/bos.bj.baidubce.com\/json-api\/v1\/crowdtest-online\/upload\/8332193_8e59149a-c237-4665-846f-580314cd0631.jpg"",""http:\/\/bos.bj.baidubce.com\/json-api\/v1\/crowdtest-online\/upload\/8332192_9ba0fd7b-fd2b-4561-b44f-af2c8a7f9c98.jpg"",""http:\/\/bos.bj.baidubce.com\/json-api\/v1\/crowdtest-online\/upload\/8332191_4c5e2227-9829-4620-b3d0-ab079ec10fff.jpg"",""http:\/\/bos.bj.baidubce.com\/json-api\/v1\/crowdtest-online\/upload\/8332190_dab98a57-d6c4-4d6e-94e0-410811d8a486.jpg"",""http:\/\/bos.bj.baidubce.com\/json-api\/v1\/crowdtest-online\/upload\/8332189_4c394157-04c8-4708-9161-3ee5cd095b5f.jpg""]",未知,P0,审核通过,2015-12-21 09:46:24,,30
0,15313122,急救快通测试,北京市|北京市|朝阳区|朝阳北路|36号,Xiaomi  MI 4W,Android 4.4.4,WIFI,无SIM卡,KTU84P,点击主菜单的远程诊断，点击无效，无法进入相应的模块,点击主菜单的远程诊断，点击无效，无法进入相应的模块,"[""http:\/\/bos.bj.baidubce.com\/json-api\/v1\/crowdtest-online\/upload\/8332193_8e59149a-c237-4665-846f-580314cd0631.jpg"",""http:\/\/bos.bj.baidubce.com\/json-api\/v1\/crowdtest-online\/upload\/8332192_9ba0fd7b-fd2b-4561-b44f-af2c8a7f9c98.jpg"",""http:\/\/bos.bj.baidubce.com\/json-api\/v1\/crowdtest-online\/upload\/8332191_4c5e2227-9829-4620-b3d0-ab079ec10fff.jpg"",""http:\/\/bos.bj.baidubce.com\/json-api\/v1\/crowdtest-online\/upload\/8332190_dab98a57-d6c4-4d6e-94e0-410811d8a486.jpg"",""http:\/\/bos.bj.baidubce.com\/json-api\/v1\/crowdtest-online\/upload\/8332189_4c394157-04c8-4708-9161-3ee5cd095b5f.jpg""]",未知,P0,审核不通过,2015-12-21 09:46:14,,15
0,15313122,急救快通测试,北京市|北京市|朝阳区|朝阳北路|36号,Xiaomi  MI 4W,Android 4.4.4,WIFI,无SIM卡,KTU84P,点击首页右上角的‘点击定位’，定位后点击城市右边的下拉图标，无法进入城市选择页面,点击首页右上角的‘点击定位’，定位后点击城市右边的下拉图标，无法进入城市选择页面,"[""http:\/\/bos.bj.baidubce.com\/json-api\/v1\/crowdtest-online\/upload\/8332193_8e59149a-c237-4665-846f-580314cd0631.jpg"",""http:\/\/bos.bj.baidubce.com\/json-api\/v1\/crowdtest-online\/upload\/8332192_9ba0fd7b-fd2b-4561-b44f-af2c8a7f9c98.jpg"",""http:\/\/bos.bj.baidubce.com\/json-api\/v1\/crowdtest-online\/upload\/8332191_4c5e2227-9829-4620-b3d0-ab079ec10fff.jpg"",""http:\/\/bos.bj.baidubce.com\/json-api\/v1\/crowdtest-online\/upload\/8332190_dab98a57-d6c4-4d6e-94e0-410811d8a486.jpg"",""http:\/\/bos.bj.baidubce.com\/json-api\/v1\/crowdtest-online\/upload\/8332189_4c394157-04c8-4708-9161-3ee5cd095b5f.jpg""]",未知,P0,审核通过,2015-12-21 09:44:35,,22
0,15313122,急救快通测试,北京市|北京市|朝阳区|朝阳北路|36号,Xiaomi  MI 4W,Android 4.4.4,WIFI,无SIM卡,KTU84P,点击在线支付，弹框显示支付宝支付和微信支付两种方式，选择任意一种都无法进入支付流程,点击在线支付，弹框显示支付宝支付和微信支付两种方式，选择任意一种都无法进入支付流程,"[""http:\/\/bos.bj.baidubce.com\/json-api\/v1\/crowdtest-online\/upload\/8332193_8e59149a-c237-4665-846f-580314cd0631.jpg"",""http:\/\/bos.bj.baidubce.com\/json-api\/v1\/crowdtest-online\/upload\/8332192_9ba0fd7b-fd2b-4561-b44f-af2c8a7f9c98.jpg"",""http:\/\/bos.bj.baidubce.com\/json-api\/v1\/crowdtest-online\/upload\/8332191_4c5e2227-9829-4620-b3d0-ab079ec10fff.jpg"",""http:\/\/bos.bj.baidubce.com\/json-api\/v1\/crowdtest-online\/upload\/8332190_dab98a57-d6c4-4d6e-94e0-410811d8a486.jpg"",""http:\/\/bos.bj.baidubce.com\/json-api\/v1\/crowdtest-online\/upload\/8332189_4c394157-04c8-4708-9161-3ee5cd095b5f.jpg""]",未知,P0,审核通过,2015-12-21 09:47:05,,2
0,15313122,急救快通测试,北京市|北京市|朝阳区|朝阳北路|36号,Xiaomi  MI 4W,Android 4.4.4,WIFI,无SIM卡,KTU84P,点击在线支付，弹框显示支付宝支付和微信支付两种方式，点击空白位置或者返回键，均无法直接关闭弹出的支付框,点击在线支付，弹框显示支付宝支付和微信支付两种方式，点击空白位置或者返回键，均无法直接关闭弹出的支付框,"[""http:\/\/bos.bj.baidubce.com\/json-api\/v1\/crowdtest-online\/upload\/8332193_8e59149a-c237-4665-846f-580314cd0631.jpg"",""http:\/\/bos.bj.baidubce.com\/json-api\/v1\/crowdtest-online\/upload\/8332192_9ba0fd7b-fd2b-4561-b44f-af2c8a7f9c98.jpg"",""http:\/\/bos.bj.baidubce.com\/json-api\/v1\/crowdtest-online\/upload\/8332191_4c5e2227-9829-4620-b3d0-ab079ec10fff.jpg"",""http:\/\/bos.bj.baidubce.com\/json-api\/v1\/crowdtest-online\/upload\/8332190_dab98a57-d6c4-4d6e-94e0-410811d8a486.jpg"",""http:\/\/bos.bj.baidubce.com\/json-api\/v1\/crowdtest-online\/upload\/8332189_4c394157-04c8-4708-9161-3ee5cd095b5f.jpg""]",未知,P0,审核通过,2015-12-21 09:47:00,,2
0,15315078,急救快通测试,北京市|北京市|朝阳区|朝阳北路|36号,vivo  vivo X5M,Android 5.0.2,WIFI,无SIM卡,LRX22G release-keys,点击第三方登录--qq进行登录，一直提示“正在登陆，请稍候。。”，无法登录,点击第三方登录--qq进行登录，一直提示“正在登陆，请稍候。。”，无法登录,"[""http:\/\/bos.bj.baidubce.com\/json-api\/v1\/crowdtest-online\/upload\/8331886_24970148-8264-4c15-a7c6-67f890d37ff2.jpg"",""http:\/\/bos.bj.baidubce.com\/json-api\/v1\/crowdtest-online\/upload\/8331885_a178b746-3e1f-4eb3-94fb-e8c0881fe41e.jpg"",""http:\/\/bos.bj.baidubce.com\/json-api\/v1\/crowdtest-online\/upload\/8331884_d6605399-ad57-464b-9c33-d2afaedd44aa.jpg"",""http:\/\/bos.bj.baidubce.com\/json-api\/v1\/crowdtest-online\/upload\/8331883_60da8ead-58bd-4f30-81ed-082b3bf28791.jpg"",""http:\/\/bos.bj.baidubce.com\/json-api\/v1\/crowdtest-online\/upload\/8331882_60ce99eb-2ab0-4b16-a7ce-7dcca6390a4a.jpg"",""http:\/\/bos.bj.baidubce.com\/json-api\/v1\/crowdtest-online\/upload\/8331881_94a0ce20-5ae7-4b8d-aa56-bce5dcaa5154.jpg"",""http:\/\/bos.bj.baidubce.com\/json-api\/v1\/crowdtest-online\/upload\/8331880_a4974fd8-1171-458e-9fa2-aa86a3ad9b27.jpg"",""http:\/\/bos.bj.baidubce.com\/json-api\/v1\/crowdtest-online\/upload\/8331879_b4d4444c-43df-4091-a0e7-a4a1f1f71000.jpg""]",未知,P0,审核通过,2015-12-21 09:37:20,,38
0,15315078,急救快通测试,北京市|北京市|朝阳区|朝阳北路|36号,vivo  vivo X5M,Android 5.0.2,WIFI,无SIM卡,LRX22G release-keys,完善信息页面，删除年份后，年龄不会自动删除,完善信息页面，删除年份后，年龄不会自动删除,"[""http:\/\/bos.bj.baidubce.com\/json-api\/v1\/crowdtest-online\/upload\/8331886_24970148-8264-4c15-a7c6-67f890d37ff2.jpg"",""http:\/\/bos.bj.baidubce.com\/json-api\/v1\/crowdtest-online\/upload\/8331885_a178b746-3e1f-4eb3-94fb-e8c0881fe41e.jpg"",""http:\/\/bos.bj.baidubce.com\/json-api\/v1\/crowdtest-online\/upload\/8331884_d6605399-ad57-464b-9c33-d2afaedd44aa.jpg"",""http:\/\/bos.bj.baidubce.com\/json-api\/v1\/crowdtest-online\/upload\/8331883_60da8ead-58bd-4f30-81ed-082b3bf28791.jpg"",""http:\/\/bos.bj.baidubce.com\/json-api\/v1\/crowdtest-online\/upload\/8331882_60ce99eb-2ab0-4b16-a7ce-7dcca6390a4a.jpg"",""http:\/\/bos.bj.baidubce.com\/json-api\/v1\/crowdtest-online\/upload\/8331881_94a0ce20-5ae7-4b8d-aa56-bce5dcaa5154.jpg"",""http:\/\/bos.bj.baidubce.com\/json-api\/v1\/crowdtest-online\/upload\/8331880_a4974fd8-1171-458e-9fa2-aa86a3ad9b27.jpg"",""http:\/\/bos.bj.baidubce.com\/json-api\/v1\/crowdtest-online\/upload\/8331879_b4d4444c-43df-4091-a0e7-a4a1f1f71000.jpg""]",未知,P0,审核通过,2015-12-21 09:33:38,,1
0,15315078,急救快通测试,北京市|北京市|朝阳区|朝阳北路|36号,vivo  vivo X5M,Android 5.0.2,WIFI,无SIM卡,LRX22G release-keys,当姓名、年龄、手机号码中有一个未填写就提交，提示语总是一样，提示“姓名、年龄、手机号码不能为空”,当姓名、年龄、手机号码中有一个未填写就提交，提示语总是一样，提示“姓名、年龄、手机号码不能为空”,"[""http:\/\/bos.bj.baidubce.com\/json-api\/v1\/crowdtest-online\/upload\/8331886_24970148-8264-4c15-a7c6-67f890d37ff2.jpg"",""http:\/\/bos.bj.baidubce.com\/json-api\/v1\/crowdtest-online\/upload\/8331885_a178b746-3e1f-4eb3-94fb-e8c0881fe41e.jpg"",""http:\/\/bos.bj.baidubce.com\/json-api\/v1\/crowdtest-online\/upload\/8331884_d6605399-ad57-464b-9c33-d2afaedd44aa.jpg"",""http:\/\/bos.bj.baidubce.com\/json-api\/v1\/crowdtest-online\/upload\/8331883_60da8ead-58bd-4f30-81ed-082b3bf28791.jpg"",""http:\/\/bos.bj.baidubce.com\/json-api\/v1\/crowdtest-online\/upload\/8331882_60ce99eb-2ab0-4b16-a7ce-7dcca6390a4a.jpg"",""http:\/\/bos.bj.baidubce.com\/json-api\/v1\/crowdtest-online\/upload\/8331881_94a0ce20-5ae7-4b8d-aa56-bce5dcaa5154.jpg"",""http:\/\/bos.bj.baidubce.com\/json-api\/v1\/crowdtest-online\/upload\/8331880_a4974fd8-1171-458e-9fa2-aa86a3ad9b27.jpg"",""http:\/\/bos.bj.baidubce.com\/json-api\/v1\/crowdtest-online\/upload\/8331879_b4d4444c-43df-4091-a0e7-a4a1f1f71000.jpg""]",未知,P0,审核不通过,2015-12-21 09:35:32,,20
0,15315078,急救快通测试,北京市|北京市|朝阳区|朝阳北路|36号,vivo  vivo X5M,Android 5.0.2,WIFI,无SIM卡,LRX22G release-keys,通过微信登录后进入完善信息页面，点击返回键后提示“再次点击退出页面”，再次点击没有退出页面，至退出到登陆页面,通过微信登录后进入完善信息页面，点击返回键后提示“再次点击退出页面”，再次点击没有退出页面，至退出到登陆页面,"[""http:\/\/bos.bj.baidubce.com\/json-api\/v1\/crowdtest-online\/upload\/8331886_24970148-8264-4c15-a7c6-67f890d37ff2.jpg"",""http:\/\/bos.bj.baidubce.com\/json-api\/v1\/crowdtest-online\/upload\/8331885_a178b746-3e1f-4eb3-94fb-e8c0881fe41e.jpg"",""http:\/\/bos.bj.baidubce.com\/json-api\/v1\/crowdtest-online\/upload\/8331884_d6605399-ad57-464b-9c33-d2afaedd44aa.jpg"",""http:\/\/bos.bj.baidubce.com\/json-api\/v1\/crowdtest-online\/upload\/8331883_60da8ead-58bd-4f30-81ed-082b3bf28791.jpg"",""http:\/\/bos.bj.baidubce.com\/json-api\/v1\/crowdtest-online\/upload\/8331882_60ce99eb-2ab0-4b16-a7ce-7dcca6390a4a.jpg"",""http:\/\/bos.bj.baidubce.com\/json-api\/v1\/crowdtest-online\/upload\/8331881_94a0ce20-5ae7-4b8d-aa56-bce5dcaa5154.jpg"",""http:\/\/bos.bj.baidubce.com\/json-api\/v1\/crowdtest-online\/upload\/8331880_a4974fd8-1171-458e-9fa2-aa86a3ad9b27.jpg"",""http:\/\/bos.bj.baidubce.com\/json-api\/v1\/crowdtest-online\/upload\/8331879_b4d4444c-43df-4091-a0e7-a4a1f1f71000.jpg""]",未知,P0,审核不通过,2015-12-21 09:36:10,,37
0,15315078,急救快通测试,北京市|北京市|朝阳区|朝阳北路|36号,vivo  vivo X5M,Android 5.0.2,WIFI,无SIM卡,LRX22G release-keys,点击急救状态、记录查询和远程诊断图标，没有进入相应的页面,点击急救状态、记录查询和远程诊断图标，没有进入相应的页面,"[""http:\/\/bos.bj.baidubce.com\/json-api\/v1\/crowdtest-online\/upload\/8331886_24970148-8264-4c15-a7c6-67f890d37ff2.jpg"",""http:\/\/bos.bj.baidubce.com\/json-api\/v1\/crowdtest-online\/upload\/8331885_a178b746-3e1f-4eb3-94fb-e8c0881fe41e.jpg"",""http:\/\/bos.bj.baidubce.com\/json-api\/v1\/crowdtest-online\/upload\/8331884_d6605399-ad57-464b-9c33-d2afaedd44aa.jpg"",""http:\/\/bos.bj.baidubce.com\/json-api\/v1\/crowdtest-online\/upload\/8331883_60da8ead-58bd-4f30-81ed-082b3bf28791.jpg"",""http:\/\/bos.bj.baidubce.com\/json-api\/v1\/crowdtest-online\/upload\/8331882_60ce99eb-2ab0-4b16-a7ce-7dcca6390a4a.jpg"",""http:\/\/bos.bj.baidubce.com\/json-api\/v1\/crowdtest-online\/upload\/8331881_94a0ce20-5ae7-4b8d-aa56-bce5dcaa5154.jpg"",""http:\/\/bos.bj.baidubce.com\/json-api\/v1\/crowdtest-online\/upload\/8331880_a4974fd8-1171-458e-9fa2-aa86a3ad9b27.jpg"",""http:\/\/bos.bj.baidubce.com\/json-api\/v1\/crowdtest-online\/upload\/8331879_b4d4444c-43df-4091-a0e7-a4a1f1f71000.jpg""]",未知,P0,审核通过,2015-12-21 09:36:16,,18
0,15315078,急救快通测试,北京市|北京市|朝阳区|朝阳北路|36号,vivo  vivo X5M,Android 5.0.2,WIFI,无SIM卡,LRX22G release-keys,点击在线支付，弹出支付宝支付和微信支付两种方式，点击都无法支付,点击在线支付，弹出支付宝支付和微信支付两种方式，点击都无法支付,"[""http:\/\/bos.bj.baidubce.com\/json-api\/v1\/crowdtest-online\/upload\/8331886_24970148-8264-4c15-a7c6-67f890d37ff2.jpg"",""http:\/\/bos.bj.baidubce.com\/json-api\/v1\/crowdtest-online\/upload\/8331885_a178b746-3e1f-4eb3-94fb-e8c0881fe41e.jpg"",""http:\/\/bos.bj.baidubce.com\/json-api\/v1\/crowdtest-online\/upload\/8331884_d6605399-ad57-464b-9c33-d2afaedd44aa.jpg"",""http:\/\/bos.bj.baidubce.com\/json-api\/v1\/crowdtest-online\/upload\/8331883_60da8ead-58bd-4f30-81ed-082b3bf28791.jpg"",""http:\/\/bos.bj.baidubce.com\/json-api\/v1\/crowdtest-online\/upload\/8331882_60ce99eb-2ab0-4b16-a7ce-7dcca6390a4a.jpg"",""http:\/\/bos.bj.baidubce.com\/json-api\/v1\/crowdtest-online\/upload\/8331881_94a0ce20-5ae7-4b8d-aa56-bce5dcaa5154.jpg"",""http:\/\/bos.bj.baidubce.com\/json-api\/v1\/crowdtest-online\/upload\/8331880_a4974fd8-1171-458e-9fa2-aa86a3ad9b27.jpg"",""http:\/\/bos.bj.baidubce.com\/json-api\/v1\/crowdtest-online\/upload\/8331879_b4d4444c-43df-4091-a0e7-a4a1f1f71000.jpg""]",未知,P0,审核通过,2015-12-21 09:36:23,,2
0,15315078,急救快通测试,北京市|北京市|朝阳区|朝阳北路|36号,vivo  vivo X5M,Android 5.0.2,WIFI,无SIM卡,LRX22G release-keys,点击首页右上角定位右边的下拉箭头，无法弹出城市列表，只能选择定位的城市,点击首页右上角定位右边的下拉箭头，无法弹出城市列表，只能选择定位的城市,"[""http:\/\/bos.bj.baidubce.com\/json-api\/v1\/crowdtest-online\/upload\/8331886_24970148-8264-4c15-a7c6-67f890d37ff2.jpg"",""http:\/\/bos.bj.baidubce.com\/json-api\/v1\/crowdtest-online\/upload\/8331885_a178b746-3e1f-4eb3-94fb-e8c0881fe41e.jpg"",""http:\/\/bos.bj.baidubce.com\/json-api\/v1\/crowdtest-online\/upload\/8331884_d6605399-ad57-464b-9c33-d2afaedd44aa.jpg"",""http:\/\/bos.bj.baidubce.com\/json-api\/v1\/crowdtest-online\/upload\/8331883_60da8ead-58bd-4f30-81ed-082b3bf28791.jpg"",""http:\/\/bos.bj.baidubce.com\/json-api\/v1\/crowdtest-online\/upload\/8331882_60ce99eb-2ab0-4b16-a7ce-7dcca6390a4a.jpg"",""http:\/\/bos.bj.baidubce.com\/json-api\/v1\/crowdtest-online\/upload\/8331881_94a0ce20-5ae7-4b8d-aa56-bce5dcaa5154.jpg"",""http:\/\/bos.bj.baidubce.com\/json-api\/v1\/crowdtest-online\/upload\/8331880_a4974fd8-1171-458e-9fa2-aa86a3ad9b27.jpg"",""http:\/\/bos.bj.baidubce.com\/json-api\/v1\/crowdtest-online\/upload\/8331879_b4d4444c-43df-4091-a0e7-a4a1f1f71000.jpg""]",未知,P0,审核通过,2015-12-21 09:36:33,,22
0,15315078,急救快通测试,北京市|北京市|朝阳区|朝阳北路|36号,vivo  vivo X5M,Android 5.0.2,WIFI,无SIM卡,LRX22G release-keys,点击页面的很多页面，提示语都不美观，都有。。,点击页面的很多页面，提示语都不美观，都有。。,"[""http:\/\/bos.bj.baidubce.com\/json-api\/v1\/crowdtest-online\/upload\/8331886_24970148-8264-4c15-a7c6-67f890d37ff2.jpg"",""http:\/\/bos.bj.baidubce.com\/json-api\/v1\/crowdtest-online\/upload\/8331885_a178b746-3e1f-4eb3-94fb-e8c0881fe41e.jpg"",""http:\/\/bos.bj.baidubce.com\/json-api\/v1\/crowdtest-online\/upload\/8331884_d6605399-ad57-464b-9c33-d2afaedd44aa.jpg"",""http:\/\/bos.bj.baidubce.com\/json-api\/v1\/crowdtest-online\/upload\/8331883_60da8ead-58bd-4f30-81ed-082b3bf28791.jpg"",""http:\/\/bos.bj.baidubce.com\/json-api\/v1\/crowdtest-online\/upload\/8331882_60ce99eb-2ab0-4b16-a7ce-7dcca6390a4a.jpg"",""http:\/\/bos.bj.baidubce.com\/json-api\/v1\/crowdtest-online\/upload\/8331881_94a0ce20-5ae7-4b8d-aa56-bce5dcaa5154.jpg"",""http:\/\/bos.bj.baidubce.com\/json-api\/v1\/crowdtest-online\/upload\/8331880_a4974fd8-1171-458e-9fa2-aa86a3ad9b27.jpg"",""http:\/\/bos.bj.baidubce.com\/json-api\/v1\/crowdtest-online\/upload\/8331879_b4d4444c-43df-4091-a0e7-a4a1f1f71000.jpg""]",未知,P0,审核不通过,2015-12-21 09:37:00,,41
0,15315078,急救快通测试,北京市|北京市|朝阳区|朝阳北路|36号,vivo  vivo X5M,Android 5.0.2,WIFI,无SIM卡,LRX22G release-keys,点击在线支付，弹出支付宝支付和微信支付两种方式，点击返回键结果有误（我只想收起支付框）,点击在线支付，弹出支付宝支付和微信支付两种方式，点击返回键结果有误（我只想收起支付框）,"[""http:\/\/bos.bj.baidubce.com\/json-api\/v1\/crowdtest-online\/upload\/8331886_24970148-8264-4c15-a7c6-67f890d37ff2.jpg"",""http:\/\/bos.bj.baidubce.com\/json-api\/v1\/crowdtest-online\/upload\/8331885_a178b746-3e1f-4eb3-94fb-e8c0881fe41e.jpg"",""http:\/\/bos.bj.baidubce.com\/json-api\/v1\/crowdtest-online\/upload\/8331884_d6605399-ad57-464b-9c33-d2afaedd44aa.jpg"",""http:\/\/bos.bj.baidubce.com\/json-api\/v1\/crowdtest-online\/upload\/8331883_60da8ead-58bd-4f30-81ed-082b3bf28791.jpg"",""http:\/\/bos.bj.baidubce.com\/json-api\/v1\/crowdtest-online\/upload\/8331882_60ce99eb-2ab0-4b16-a7ce-7dcca6390a4a.jpg"",""http:\/\/bos.bj.baidubce.com\/json-api\/v1\/crowdtest-online\/upload\/8331881_94a0ce20-5ae7-4b8d-aa56-bce5dcaa5154.jpg"",""http:\/\/bos.bj.baidubce.com\/json-api\/v1\/crowdtest-online\/upload\/8331880_a4974fd8-1171-458e-9fa2-aa86a3ad9b27.jpg"",""http:\/\/bos.bj.baidubce.com\/json-api\/v1\/crowdtest-online\/upload\/8331879_b4d4444c-43df-4091-a0e7-a4a1f1f71000.jpg""]",未知,P0,审核通过,2015-12-21 09:39:25,,2
0,15342275,急救快通测试,海南|海口,vivo  vivo X3L,Android 4.3,WIFI,中国移动,JLS36C,打开软件，点击定位当前位置，定位失败,"1.点击打开软件，
2.点击右上角定位按键，定位当前位置
3.定位失败","[""http:\/\/bos.bj.baidubce.com\/json-api\/v1\/crowdtest-online\/upload\/8371223_4b4aef9e-64ea-4a29-af21-b3d0f8ab12ba.jpg"",""http:\/\/bos.bj.baidubce.com\/json-api\/v1\/crowdtest-online\/upload\/8371222_81b68e98-79de-4bd2-b79b-c4c67ac4c624.jpg"",""http:\/\/bos.bj.baidubce.com\/json-api\/v1\/crowdtest-online\/upload\/8371221_12416d5e-cdc0-4a2c-bd0b-d952088470ef.jpg"",""http:\/\/bos.bj.baidubce.com\/json-api\/v1\/crowdtest-online\/upload\/8371220_9b3ab51e-cd12-4f82-b31a-b23dae05663a.jpg"",""http:\/\/bos.bj.baidubce.com\/json-api\/v1\/crowdtest-online\/upload\/8371218_c9f9adee-a0cc-4b8a-adf4-b14475e1f78a.jpg"",""http:\/\/bos.bj.baidubce.com\/json-api\/v1\/crowdtest-online\/upload\/8371217_4890f971-23a7-407d-8586-a8e4a9443f67.jpg""]",未知,P0,审核通过,2015-12-21 17:17:39,,29
0,15342275,急救快通测试,海南|海口,vivo  vivo X3L,Android 4.3,WIFI,中国移动,JLS36C,使用第三方qq登录系统，登录失败,"1.点击打开软件，
2.进入登录页面，
3.点击使用第三方qq登录，
登录失败","[""http:\/\/bos.bj.baidubce.com\/json-api\/v1\/crowdtest-online\/upload\/8371223_4b4aef9e-64ea-4a29-af21-b3d0f8ab12ba.jpg"",""http:\/\/bos.bj.baidubce.com\/json-api\/v1\/crowdtest-online\/upload\/8371222_81b68e98-79de-4bd2-b79b-c4c67ac4c624.jpg"",""http:\/\/bos.bj.baidubce.com\/json-api\/v1\/crowdtest-online\/upload\/8371221_12416d5e-cdc0-4a2c-bd0b-d952088470ef.jpg"",""http:\/\/bos.bj.baidubce.com\/json-api\/v1\/crowdtest-online\/upload\/8371220_9b3ab51e-cd12-4f82-b31a-b23dae05663a.jpg"",""http:\/\/bos.bj.baidubce.com\/json-api\/v1\/crowdtest-online\/upload\/8371218_c9f9adee-a0cc-4b8a-adf4-b14475e1f78a.jpg"",""http:\/\/bos.bj.baidubce.com\/json-api\/v1\/crowdtest-online\/upload\/8371217_4890f971-23a7-407d-8586-a8e4a9443f67.jpg""]",未知,P0,审核通过,2015-12-21 17:18:10,,19
0,15342275,急救快通测试,海南|海口,vivo  vivo X3L,Android 4.3,WIFI,中国移动,JLS36C,点击查看附近医院，信息无法加载。,"1.点击打开软件，
2.点击查看附近医院，
3.提示无法加载。","[""http:\/\/bos.bj.baidubce.com\/json-api\/v1\/crowdtest-online\/upload\/8371223_4b4aef9e-64ea-4a29-af21-b3d0f8ab12ba.jpg"",""http:\/\/bos.bj.baidubce.com\/json-api\/v1\/crowdtest-online\/upload\/8371222_81b68e98-79de-4bd2-b79b-c4c67ac4c624.jpg"",""http:\/\/bos.bj.baidubce.com\/json-api\/v1\/crowdtest-online\/upload\/8371221_12416d5e-cdc0-4a2c-bd0b-d952088470ef.jpg"",""http:\/\/bos.bj.baidubce.com\/json-api\/v1\/crowdtest-online\/upload\/8371220_9b3ab51e-cd12-4f82-b31a-b23dae05663a.jpg"",""http:\/\/bos.bj.baidubce.com\/json-api\/v1\/crowdtest-online\/upload\/8371218_c9f9adee-a0cc-4b8a-adf4-b14475e1f78a.jpg"",""http:\/\/bos.bj.baidubce.com\/json-api\/v1\/crowdtest-online\/upload\/8371217_4890f971-23a7-407d-8586-a8e4a9443f67.jpg""]",未知,P0,审核不通过,2015-12-21 17:18:02,,9
0,15342275,急救快通测试,海南|海口,vivo  vivo X3L,Android 4.3,WIFI,中国移动,JLS36C,点击定位，点击语音发送，无法录音发送语音信息,"1.点击打开软件，
2.点击打开定位，
3.点击语音按键，发送语音，
发送失败","[""http:\/\/bos.bj.baidubce.com\/json-api\/v1\/crowdtest-online\/upload\/8371223_4b4aef9e-64ea-4a29-af21-b3d0f8ab12ba.jpg"",""http:\/\/bos.bj.baidubce.com\/json-api\/v1\/crowdtest-online\/upload\/8371222_81b68e98-79de-4bd2-b79b-c4c67ac4c624.jpg"",""http:\/\/bos.bj.baidubce.com\/json-api\/v1\/crowdtest-online\/upload\/8371221_12416d5e-cdc0-4a2c-bd0b-d952088470ef.jpg"",""http:\/\/bos.bj.baidubce.com\/json-api\/v1\/crowdtest-online\/upload\/8371220_9b3ab51e-cd12-4f82-b31a-b23dae05663a.jpg"",""http:\/\/bos.bj.baidubce.com\/json-api\/v1\/crowdtest-online\/upload\/8371218_c9f9adee-a0cc-4b8a-adf4-b14475e1f78a.jpg"",""http:\/\/bos.bj.baidubce.com\/json-api\/v1\/crowdtest-online\/upload\/8371217_4890f971-23a7-407d-8586-a8e4a9443f67.jpg""]",未知,P0,审核通过,2015-12-21 17:18:38,,29
0,15342275,急救快通测试,海南|海口,vivo  vivo X3L,Android 4.3,WIFI,中国移动,JLS36C,点击定位，点击短信发送，点击无效，无法发送,"1.点击打开软件，
2.点击打开定位，
3.点击信息发送，
4.点击无效，无法发送","[""http:\/\/bos.bj.baidubce.com\/json-api\/v1\/crowdtest-online\/upload\/8371223_4b4aef9e-64ea-4a29-af21-b3d0f8ab12ba.jpg"",""http:\/\/bos.bj.baidubce.com\/json-api\/v1\/crowdtest-online\/upload\/8371222_81b68e98-79de-4bd2-b79b-c4c67ac4c624.jpg"",""http:\/\/bos.bj.baidubce.com\/json-api\/v1\/crowdtest-online\/upload\/8371221_12416d5e-cdc0-4a2c-bd0b-d952088470ef.jpg"",""http:\/\/bos.bj.baidubce.com\/json-api\/v1\/crowdtest-online\/upload\/8371220_9b3ab51e-cd12-4f82-b31a-b23dae05663a.jpg"",""http:\/\/bos.bj.baidubce.com\/json-api\/v1\/crowdtest-online\/upload\/8371218_c9f9adee-a0cc-4b8a-adf4-b14475e1f78a.jpg"",""http:\/\/bos.bj.baidubce.com\/json-api\/v1\/crowdtest-online\/upload\/8371217_4890f971-23a7-407d-8586-a8e4a9443f67.jpg""]",未知,P0,审核通过,2015-12-21 17:18:45,,29
0,15342275,急救快通测试,海南|海口,vivo  vivo X3L,Android 4.3,WIFI,中国移动,JLS36C,点击在线支付，点击支付宝支付，点击无效，无法进入相关页面,"1.点击打开软件，
2.点击在线发送，
3.点击支付宝支付，
点击无效，无法加载页面","[""http:\/\/bos.bj.baidubce.com\/json-api\/v1\/crowdtest-online\/upload\/8371223_4b4aef9e-64ea-4a29-af21-b3d0f8ab12ba.jpg"",""http:\/\/bos.bj.baidubce.com\/json-api\/v1\/crowdtest-online\/upload\/8371222_81b68e98-79de-4bd2-b79b-c4c67ac4c624.jpg"",""http:\/\/bos.bj.baidubce.com\/json-api\/v1\/crowdtest-online\/upload\/8371221_12416d5e-cdc0-4a2c-bd0b-d952088470ef.jpg"",""http:\/\/bos.bj.baidubce.com\/json-api\/v1\/crowdtest-online\/upload\/8371220_9b3ab51e-cd12-4f82-b31a-b23dae05663a.jpg"",""http:\/\/bos.bj.baidubce.com\/json-api\/v1\/crowdtest-online\/upload\/8371218_c9f9adee-a0cc-4b8a-adf4-b14475e1f78a.jpg"",""http:\/\/bos.bj.baidubce.com\/json-api\/v1\/crowdtest-online\/upload\/8371217_4890f971-23a7-407d-8586-a8e4a9443f67.jpg""]",未知,P0,审核通过,2015-12-21 17:09:38,,2
0,15342275,急救快通测试,海南|海口,vivo  vivo X3L,Android 4.3,WIFI,中国移动,JLS36C,点击微信支付，点击无效，无法支付,"1.点击打开软件，
2.点击在线支付，
3.点击微信支付，
支付失败","[""http:\/\/bos.bj.baidubce.com\/json-api\/v1\/crowdtest-online\/upload\/8371223_4b4aef9e-64ea-4a29-af21-b3d0f8ab12ba.jpg"",""http:\/\/bos.bj.baidubce.com\/json-api\/v1\/crowdtest-online\/upload\/8371222_81b68e98-79de-4bd2-b79b-c4c67ac4c624.jpg"",""http:\/\/bos.bj.baidubce.com\/json-api\/v1\/crowdtest-online\/upload\/8371221_12416d5e-cdc0-4a2c-bd0b-d952088470ef.jpg"",""http:\/\/bos.bj.baidubce.com\/json-api\/v1\/crowdtest-online\/upload\/8371220_9b3ab51e-cd12-4f82-b31a-b23dae05663a.jpg"",""http:\/\/bos.bj.baidubce.com\/json-api\/v1\/crowdtest-online\/upload\/8371218_c9f9adee-a0cc-4b8a-adf4-b14475e1f78a.jpg"",""http:\/\/bos.bj.baidubce.com\/json-api\/v1\/crowdtest-online\/upload\/8371217_4890f971-23a7-407d-8586-a8e4a9443f67.jpg""]",未知,P0,审核通过,2015-12-21 17:18:54,,2
0,15342275,急救快通测试,海南|海口,vivo  vivo X3L,Android 4.3,WIFI,中国移动,JLS36C,使用第三方微信登录，登录失败,"1.点击打开软件，
2.进入登录系统，
3.点击使用微信登录，登录失败","[""http:\/\/bos.bj.baidubce.com\/json-api\/v1\/crowdtest-online\/upload\/8371223_4b4aef9e-64ea-4a29-af21-b3d0f8ab12ba.jpg"",""http:\/\/bos.bj.baidubce.com\/json-api\/v1\/crowdtest-online\/upload\/8371222_81b68e98-79de-4bd2-b79b-c4c67ac4c624.jpg"",""http:\/\/bos.bj.baidubce.com\/json-api\/v1\/crowdtest-online\/upload\/8371221_12416d5e-cdc0-4a2c-bd0b-d952088470ef.jpg"",""http:\/\/bos.bj.baidubce.com\/json-api\/v1\/crowdtest-online\/upload\/8371220_9b3ab51e-cd12-4f82-b31a-b23dae05663a.jpg"",""http:\/\/bos.bj.baidubce.com\/json-api\/v1\/crowdtest-online\/upload\/8371218_c9f9adee-a0cc-4b8a-adf4-b14475e1f78a.jpg"",""http:\/\/bos.bj.baidubce.com\/json-api\/v1\/crowdtest-online\/upload\/8371217_4890f971-23a7-407d-8586-a8e4a9443f67.jpg""]",未知,P0,审核通过,2015-12-21 17:19:01,,19
0,15342275,急救快通测试,海南|海口,vivo  vivo X3L,Android 4.3,WIFI,中国移动,JLS36C,点击本人呼救，点击无反应，组相关页面跳出,"1.点击打开软件，
2.点击本人呼救按键，
3.点击无反应，组相关页面跳出","[""http:\/\/bos.bj.baidubce.com\/json-api\/v1\/crowdtest-online\/upload\/8371223_4b4aef9e-64ea-4a29-af21-b3d0f8ab12ba.jpg"",""http:\/\/bos.bj.baidubce.com\/json-api\/v1\/crowdtest-online\/upload\/8371222_81b68e98-79de-4bd2-b79b-c4c67ac4c624.jpg"",""http:\/\/bos.bj.baidubce.com\/json-api\/v1\/crowdtest-online\/upload\/8371221_12416d5e-cdc0-4a2c-bd0b-d952088470ef.jpg"",""http:\/\/bos.bj.baidubce.com\/json-api\/v1\/crowdtest-online\/upload\/8371220_9b3ab51e-cd12-4f82-b31a-b23dae05663a.jpg"",""http:\/\/bos.bj.baidubce.com\/json-api\/v1\/crowdtest-online\/upload\/8371218_c9f9adee-a0cc-4b8a-adf4-b14475e1f78a.jpg"",""http:\/\/bos.bj.baidubce.com\/json-api\/v1\/crowdtest-online\/upload\/8371217_4890f971-23a7-407d-8586-a8e4a9443f67.jpg""]",未知,P0,审核通过,2015-12-21 17:18:31,,8
0,15401517,急救快通测试,湖南省|岳阳市|湘阴县|S308(新世纪大道)|,ZTE  ZTE U956,Android 4.1.2,WIFI,unknown,U956V1.0.0B03,下载安装app注册打开首页后点远程诊断无页面跳出,下载安装app注册打开首页后点远程诊断无页面跳出,"[""http:\/\/bos.bj.baidubce.com\/json-api\/v1\/crowdtest-online\/upload\/8361322_9b6035b1-c643-4ddc-ac8b-d13c61073341.jpg"",""http:\/\/bos.bj.baidubce.com\/json-api\/v1\/crowdtest-online\/upload\/8361321_4561b944-5c35-418a-8276-c1b8b6aa0c6e.jpg"",""http:\/\/bos.bj.baidubce.com\/json-api\/v1\/crowdtest-online\/upload\/8361320_146e2d52-db55-4425-94f4-3eb3a0bf495a.jpg"",""http:\/\/bos.bj.baidubce.com\/json-api\/v1\/crowdtest-online\/upload\/8361319_52b5f803-3278-4b2c-bfd4-a39d24fe7972.jpg""]",未知,P0,审核不通过,2015-12-21 10:08:57,,6
0,15401517,急救快通测试,湖南省|岳阳市|湘阴县|S308(新世纪大道)|,ZTE  ZTE U956,Android 4.1.2,WIFI,unknown,U956V1.0.0B03,下载安装app注册打开首页后点在线支付后跳出微信支付与支付宝支付，接下面的微信支付与支付宝支付无页面跳出,下载安装app注册打开首页后点在线支付后跳出微信支付与支付宝支付，接下面的微信支付与支付宝支付无页面跳出,"[""http:\/\/bos.bj.baidubce.com\/json-api\/v1\/crowdtest-online\/upload\/8361322_9b6035b1-c643-4ddc-ac8b-d13c61073341.jpg"",""http:\/\/bos.bj.baidubce.com\/json-api\/v1\/crowdtest-online\/upload\/8361321_4561b944-5c35-418a-8276-c1b8b6aa0c6e.jpg"",""http:\/\/bos.bj.baidubce.com\/json-api\/v1\/crowdtest-online\/upload\/8361320_146e2d52-db55-4425-94f4-3eb3a0bf495a.jpg"",""http:\/\/bos.bj.baidubce.com\/json-api\/v1\/crowdtest-online\/upload\/8361319_52b5f803-3278-4b2c-bfd4-a39d24fe7972.jpg""]",未知,P0,审核通过,2015-12-21 10:09:40,,2
0,15401517,急救快通测试,湖南省|岳阳市|湘阴县|S308(新世纪大道)|,ZTE  ZTE U956,Android 4.1.2,WIFI,unknown,U956V1.0.0B03,下载安装app注册打开首页后点急救状态无页面跳出,下载安装app注册打开首页后点急救状态无页面跳出,"[""http:\/\/bos.bj.baidubce.com\/json-api\/v1\/crowdtest-online\/upload\/8361322_9b6035b1-c643-4ddc-ac8b-d13c61073341.jpg"",""http:\/\/bos.bj.baidubce.com\/json-api\/v1\/crowdtest-online\/upload\/8361321_4561b944-5c35-418a-8276-c1b8b6aa0c6e.jpg"",""http:\/\/bos.bj.baidubce.com\/json-api\/v1\/crowdtest-online\/upload\/8361320_146e2d52-db55-4425-94f4-3eb3a0bf495a.jpg"",""http:\/\/bos.bj.baidubce.com\/json-api\/v1\/crowdtest-online\/upload\/8361319_52b5f803-3278-4b2c-bfd4-a39d24fe7972.jpg""]",未知,P0,审核不通过,2015-12-21 10:09:03,,6
0,15401517,急救快通测试,湖南省|岳阳市|湘阴县|S308(新世纪大道)|,ZTE  ZTE U956,Android 4.1.2,WIFI,unknown,U956V1.0.0B03,下载安装app注册打开首页后点记录查询无页面跳出,下载安装app注册打开首页后点记录查询无页面跳出,"[""http:\/\/bos.bj.baidubce.com\/json-api\/v1\/crowdtest-online\/upload\/8361322_9b6035b1-c643-4ddc-ac8b-d13c61073341.jpg"",""http:\/\/bos.bj.baidubce.com\/json-api\/v1\/crowdtest-online\/upload\/8361321_4561b944-5c35-418a-8276-c1b8b6aa0c6e.jpg"",""http:\/\/bos.bj.baidubce.com\/json-api\/v1\/crowdtest-online\/upload\/8361320_146e2d52-db55-4425-94f4-3eb3a0bf495a.jpg"",""http:\/\/bos.bj.baidubce.com\/json-api\/v1\/crowdtest-online\/upload\/8361319_52b5f803-3278-4b2c-bfd4-a39d24fe7972.jpg""]",未知,P0,审核不通过,2015-12-21 10:09:08,,6
0,15401517,急救快通测试,湖南省|岳阳市|湘阴县|S308(新世纪大道)|,ZTE  ZTE U956,Android 4.1.2,WIFI,unknown,U956V1.0.0B03,下载安装app注册打开首页后点急救手册后点上面图片进入后不是进入相对应的介绍，而是统一跳到我的随身医生,下载安装app注册打开首页后点急救手册后点上面图片进入后不是进入相对应的介绍，而是统一跳到我的随身医生,"[""http:\/\/bos.bj.baidubce.com\/json-api\/v1\/crowdtest-online\/upload\/8361322_9b6035b1-c643-4ddc-ac8b-d13c61073341.jpg"",""http:\/\/bos.bj.baidubce.com\/json-api\/v1\/crowdtest-online\/upload\/8361321_4561b944-5c35-418a-8276-c1b8b6aa0c6e.jpg"",""http:\/\/bos.bj.baidubce.com\/json-api\/v1\/crowdtest-online\/upload\/8361320_146e2d52-db55-4425-94f4-3eb3a0bf495a.jpg"",""http:\/\/bos.bj.baidubce.com\/json-api\/v1\/crowdtest-online\/upload\/8361319_52b5f803-3278-4b2c-bfd4-a39d24fe7972.jpg""]",未知,P0,审核通过,2015-12-21 10:09:30,,6
0,15401517,急救快通测试,湖南省|岳阳市|湘阴县|S308(新世纪大道)|,ZTE  ZTE U956,Android 4.1.2,WIFI,unknown,U956V1.0.0B03,下载安装app注册打开首页后点在线支付后跳出微信支付与支付宝支付，接下面的微信支付与支付宝支付。按返回键不返回首页,下载安装app注册打开首页后点在线支付后跳出微信支付与支付宝支付，接下面的微信支付与支付宝支付。按返回键不返回首页,"[""http:\/\/bos.bj.baidubce.com\/json-api\/v1\/crowdtest-online\/upload\/8361322_9b6035b1-c643-4ddc-ac8b-d13c61073341.jpg"",""http:\/\/bos.bj.baidubce.com\/json-api\/v1\/crowdtest-online\/upload\/8361321_4561b944-5c35-418a-8276-c1b8b6aa0c6e.jpg"",""http:\/\/bos.bj.baidubce.com\/json-api\/v1\/crowdtest-online\/upload\/8361320_146e2d52-db55-4425-94f4-3eb3a0bf495a.jpg"",""http:\/\/bos.bj.baidubce.com\/json-api\/v1\/crowdtest-online\/upload\/8361319_52b5f803-3278-4b2c-bfd4-a39d24fe7972.jpg""]",未知,P0,审核通过,2015-12-21 10:10:00,,2
0,15401656,急救快通测试,湖南省|岳阳市|湘阴县|S308(新世纪大道)|,samsung  GT-I8268,Android 4.1.2,WIFI,无SIM卡,JZO54K.I8268ZMAME1,下载安装app注册打开首页后点远程诊断无任何反应,下载安装app注册打开首页后点远程诊断无任何反应,"[""http:\/\/bos.bj.baidubce.com\/json-api\/v1\/crowdtest-online\/upload\/8360519_1ace7e6c-ea5a-4d72-a936-9857ae7147ae.jpg"",""http:\/\/bos.bj.baidubce.com\/json-api\/v1\/crowdtest-online\/upload\/8360518_db0653e3-c210-44fc-aec2-46a6ae481952.jpg"",""http:\/\/bos.bj.baidubce.com\/json-api\/v1\/crowdtest-online\/upload\/8360517_db6a8382-e644-4189-b967-a4ed46a6b524.jpg""]",未知,P0,审核通过,2015-12-21 10:07:17,,6
0,15401656,急救快通测试,湖南省|岳阳市|湘阴县|S308(新世纪大道)|,samsung  GT-I8268,Android 4.1.2,WIFI,无SIM卡,JZO54K.I8268ZMAME1,下载安装app注册打开首页后点在线支付后跳出微信支付与支付宝支付，接下面的微信支付与支付宝支付无任何反应,下载安装app注册打开首页后点在线支付后跳出微信支付与支付宝支付，接下面的微信支付与支付宝支付无任何反应,"[""http:\/\/bos.bj.baidubce.com\/json-api\/v1\/crowdtest-online\/upload\/8360519_1ace7e6c-ea5a-4d72-a936-9857ae7147ae.jpg"",""http:\/\/bos.bj.baidubce.com\/json-api\/v1\/crowdtest-online\/upload\/8360518_db0653e3-c210-44fc-aec2-46a6ae481952.jpg"",""http:\/\/bos.bj.baidubce.com\/json-api\/v1\/crowdtest-online\/upload\/8360517_db6a8382-e644-4189-b967-a4ed46a6b524.jpg""]",未知,P0,审核不通过,2015-12-21 10:08:17,,2
0,15401656,急救快通测试,湖南省|岳阳市|湘阴县|S308(新世纪大道)|,samsung  GT-I8268,Android 4.1.2,WIFI,无SIM卡,JZO54K.I8268ZMAME1,下载安装app注册打开首页后点急救状态无任何反应,下载安装app注册打开首页后点急救状态无任何反应,"[""http:\/\/bos.bj.baidubce.com\/json-api\/v1\/crowdtest-online\/upload\/8360519_1ace7e6c-ea5a-4d72-a936-9857ae7147ae.jpg"",""http:\/\/bos.bj.baidubce.com\/json-api\/v1\/crowdtest-online\/upload\/8360518_db0653e3-c210-44fc-aec2-46a6ae481952.jpg"",""http:\/\/bos.bj.baidubce.com\/json-api\/v1\/crowdtest-online\/upload\/8360517_db6a8382-e644-4189-b967-a4ed46a6b524.jpg""]",未知,P0,审核不通过,2015-12-21 10:07:05,,6
0,15401656,急救快通测试,湖南省|岳阳市|湘阴县|S308(新世纪大道)|,samsung  GT-I8268,Android 4.1.2,WIFI,无SIM卡,JZO54K.I8268ZMAME1,下载安装app注册打开首页后点记录查询无任何反应,下载安装app注册打开首页后点记录查询无任何反应,"[""http:\/\/bos.bj.baidubce.com\/json-api\/v1\/crowdtest-online\/upload\/8360519_1ace7e6c-ea5a-4d72-a936-9857ae7147ae.jpg"",""http:\/\/bos.bj.baidubce.com\/json-api\/v1\/crowdtest-online\/upload\/8360518_db0653e3-c210-44fc-aec2-46a6ae481952.jpg"",""http:\/\/bos.bj.baidubce.com\/json-api\/v1\/crowdtest-online\/upload\/8360517_db6a8382-e644-4189-b967-a4ed46a6b524.jpg""]",未知,P0,审核不通过,2015-12-21 10:07:00,,6
0,15401656,急救快通测试,湖南省|岳阳市|湘阴县|S308(新世纪大道)|,samsung  GT-I8268,Android 4.1.2,WIFI,无SIM卡,JZO54K.I8268ZMAME1,下载安装app注册打开首页后显示不完全，下面两个按钮不显示,下载安装app注册打开首页后显示不完全，下面两个按钮不显示,"[""http:\/\/bos.bj.baidubce.com\/json-api\/v1\/crowdtest-online\/upload\/8360519_1ace7e6c-ea5a-4d72-a936-9857ae7147ae.jpg"",""http:\/\/bos.bj.baidubce.com\/json-api\/v1\/crowdtest-online\/upload\/8360518_db0653e3-c210-44fc-aec2-46a6ae481952.jpg"",""http:\/\/bos.bj.baidubce.com\/json-api\/v1\/crowdtest-online\/upload\/8360517_db6a8382-e644-4189-b967-a4ed46a6b524.jpg""]",未知,P0,审核通过,2015-12-21 10:07:41,,16
0,15401656,急救快通测试,湖南省|岳阳市|湘阴县|S308(新世纪大道)|,samsung  GT-I8268,Android 4.1.2,WIFI,无SIM卡,JZO54K.I8268ZMAME1,下载安装app注册打开首页后点在线支付后跳出微信支付与支付宝支付，接下面的微信支付与支付宝支付。按返回键无任务反应,下载安装app注册打开首页后点在线支付后跳出微信支付与支付宝支付，接下面的微信支付与支付宝支付。按返回键无任务反应,"[""http:\/\/bos.bj.baidubce.com\/json-api\/v1\/crowdtest-online\/upload\/8360519_1ace7e6c-ea5a-4d72-a936-9857ae7147ae.jpg"",""http:\/\/bos.bj.baidubce.com\/json-api\/v1\/crowdtest-online\/upload\/8360518_db0653e3-c210-44fc-aec2-46a6ae481952.jpg"",""http:\/\/bos.bj.baidubce.com\/json-api\/v1\/crowdtest-online\/upload\/8360517_db6a8382-e644-4189-b967-a4ed46a6b524.jpg""]",未知,P0,审核通过,2015-12-21 10:08:28,,2
0,15403892,急救快通测试,浙江省|台州市|三门县||,Meizu  m1 note,Android 5.1,WIFI,中国联通,Flyme OS 4.5.7.1A,首页右上角可显示当前所在城市为“台州市”，点击“台州市”下面的小三角无反应，本来应该出现可以供用户选择的城市页面。,首页右上角可显示当前所在城市为“台州市”，点击“台州市”下面的小三角无反应，本来应该出现可以供用户选择的城市页面。,"[""http:\/\/bos.bj.baidubce.com\/json-api\/v1\/crowdtest-online\/upload\/8328979_ff1e406a-7c38-41b2-a5a7-1d39c87ebf7e.jpg"",""http:\/\/bos.bj.baidubce.com\/json-api\/v1\/crowdtest-online\/upload\/8328978_18b246fc-9c34-48dc-8dca-ea9853fdcba9.jpg""]",未知,P0,审核通过,2015-12-21 09:31:27,,22
0,15403892,急救快通测试,浙江省|台州市|三门县||,Meizu  m1 note,Android 5.1,WIFI,中国联通,Flyme OS 4.5.7.1A,点击“地理位置”，定位显示得不是很准确，与当前所在位置有一定的偏离。,点击“地理位置”，定位显示得不是很准确，与当前所在位置有一定的偏离。,"[""http:\/\/bos.bj.baidubce.com\/json-api\/v1\/crowdtest-online\/upload\/8328979_ff1e406a-7c38-41b2-a5a7-1d39c87ebf7e.jpg"",""http:\/\/bos.bj.baidubce.com\/json-api\/v1\/crowdtest-online\/upload\/8328978_18b246fc-9c34-48dc-8dca-ea9853fdcba9.jpg""]",未知,P0,审核不通过,2015-12-21 09:31:51,,28
0,15404695,急救快通测试,辽宁省|本溪市|桓仁满族自治县|文化路|,Xiaomi  MI4,Android 4.3.0,WIFI,无SIM卡,L1QTW81.JXD3.QHD.S9T8H8.0401.V,"注册有问题,随便输入个手机号,密码就填了1位的密码,点一下注册,居然也成功了.如果这样就可以的话,也没有验证,也没有密码位数限制,这对用户的安全方面来说,你感觉合适吗?","注册有问题,随便输入个手机号,密码就填了1位的密码,点一下注册,居然也成功了.如果这样就可以的话,也没有验证,也没有密码位数限制,这对用户的安全方面来说,你感觉合适吗?","[""http:\/\/bos.bj.baidubce.com\/json-api\/v1\/crowdtest-online\/upload\/8300722_6a3337c6-8a18-4566-81bc-19aff9277804.jpg"",""http:\/\/bos.bj.baidubce.com\/json-api\/v1\/crowdtest-online\/upload\/8300721_f3833fbd-07b8-4e38-b8cc-541570d0acad.jpg""]",未知,P0,审核通过,2015-12-19 01:06:25,,34
0,15412365,急救快通测试,江苏|南京,Lenovo  Lenovo A670t,Android 4.2.1,WIFI,无SIM卡,Lenovo A670t_S016_130416,手机号无法注册，反复检查不是网络问题,手机号无法注册，反复检查不是网络问题。手机号无法注册，反复检查不是网络问题,"[""http:\/\/bos.bj.baidubce.com\/json-api\/v1\/crowdtest-online\/upload\/8354992_1a9b7947-4201-4453-b380-a112e129d881.jpg"",""http:\/\/bos.bj.baidubce.com\/json-api\/v1\/crowdtest-online\/upload\/8354991_83a64f99-db20-4864-911b-d99170aecbe5.jpg"",""http:\/\/bos.bj.baidubce.com\/json-api\/v1\/crowdtest-online\/upload\/8354990_1a0fc60a-c575-4a29-bbaf-d60c03d9e3d3.jpg"",""http:\/\/bos.bj.baidubce.com\/json-api\/v1\/crowdtest-online\/upload\/8354989_38350ed7-25e3-44c6-95e4-7fc844bb3687.jpg"",""http:\/\/bos.bj.baidubce.com\/json-api\/v1\/crowdtest-online\/upload\/8354987_a649b3e0-6473-4f16-ba63-8367196a64d6.jpg"",""http:\/\/bos.bj.baidubce.com\/json-api\/v1\/crowdtest-online\/upload\/8354986_efedeb56-b901-4b02-8a52-98ffe9deb15d.jpg""]",未知,P0,审核通过,2015-12-21 09:57:33,,34
0,15412365,急救快通测试,江苏|南京,Lenovo  Lenovo A670t,Android 4.2.1,WIFI,无SIM卡,Lenovo A670t_S016_130416,第三方登陆qq登陆一直处于登陆状态,登陆体检中，第三方登陆qq登陆一直处于登陆状态，1分半后仍然显示登陆中。,"[""http:\/\/bos.bj.baidubce.com\/json-api\/v1\/crowdtest-online\/upload\/8354992_1a9b7947-4201-4453-b380-a112e129d881.jpg"",""http:\/\/bos.bj.baidubce.com\/json-api\/v1\/crowdtest-online\/upload\/8354991_83a64f99-db20-4864-911b-d99170aecbe5.jpg"",""http:\/\/bos.bj.baidubce.com\/json-api\/v1\/crowdtest-online\/upload\/8354990_1a0fc60a-c575-4a29-bbaf-d60c03d9e3d3.jpg"",""http:\/\/bos.bj.baidubce.com\/json-api\/v1\/crowdtest-online\/upload\/8354989_38350ed7-25e3-44c6-95e4-7fc844bb3687.jpg"",""http:\/\/bos.bj.baidubce.com\/json-api\/v1\/crowdtest-online\/upload\/8354987_a649b3e0-6473-4f16-ba63-8367196a64d6.jpg"",""http:\/\/bos.bj.baidubce.com\/json-api\/v1\/crowdtest-online\/upload\/8354986_efedeb56-b901-4b02-8a52-98ffe9deb15d.jpg""]",未知,P0,审核通过,2015-12-21 10:01:24,,11
0,15412365,急救快通测试,江苏|南京,Lenovo  Lenovo A670t,Android 4.2.1,WIFI,无SIM卡,Lenovo A670t_S016_130416,第三方登陆微信登陆总是登陆失败,登陆体检中，第三方登陆微信登陆总是登陆失败，显示服务器或网路故障，反复检验网络，网络处于正常状态。,"[""http:\/\/bos.bj.baidubce.com\/json-api\/v1\/crowdtest-online\/upload\/8354992_1a9b7947-4201-4453-b380-a112e129d881.jpg"",""http:\/\/bos.bj.baidubce.com\/json-api\/v1\/crowdtest-online\/upload\/8354991_83a64f99-db20-4864-911b-d99170aecbe5.jpg"",""http:\/\/bos.bj.baidubce.com\/json-api\/v1\/crowdtest-online\/upload\/8354990_1a0fc60a-c575-4a29-bbaf-d60c03d9e3d3.jpg"",""http:\/\/bos.bj.baidubce.com\/json-api\/v1\/crowdtest-online\/upload\/8354989_38350ed7-25e3-44c6-95e4-7fc844bb3687.jpg"",""http:\/\/bos.bj.baidubce.com\/json-api\/v1\/crowdtest-online\/upload\/8354987_a649b3e0-6473-4f16-ba63-8367196a64d6.jpg"",""http:\/\/bos.bj.baidubce.com\/json-api\/v1\/crowdtest-online\/upload\/8354986_efedeb56-b901-4b02-8a52-98ffe9deb15d.jpg""]",未知,P0,审核不通过,2015-12-21 10:01:38,,11
0,15412365,急救快通测试,江苏|南京,Lenovo  Lenovo A670t,Android 4.2.1,WIFI,无SIM卡,Lenovo A670t_S016_130416,登陆体检中，第三方登陆微博登陆总是处于登陆中，无法登陆,登陆体检中，第三方登陆微信登陆总是处于登陆中状态。登陆体检中，第三方登陆微信登陆总是处于登陆中状态。,"[""http:\/\/bos.bj.baidubce.com\/json-api\/v1\/crowdtest-online\/upload\/8354992_1a9b7947-4201-4453-b380-a112e129d881.jpg"",""http:\/\/bos.bj.baidubce.com\/json-api\/v1\/crowdtest-online\/upload\/8354991_83a64f99-db20-4864-911b-d99170aecbe5.jpg"",""http:\/\/bos.bj.baidubce.com\/json-api\/v1\/crowdtest-online\/upload\/8354990_1a0fc60a-c575-4a29-bbaf-d60c03d9e3d3.jpg"",""http:\/\/bos.bj.baidubce.com\/json-api\/v1\/crowdtest-online\/upload\/8354989_38350ed7-25e3-44c6-95e4-7fc844bb3687.jpg"",""http:\/\/bos.bj.baidubce.com\/json-api\/v1\/crowdtest-online\/upload\/8354987_a649b3e0-6473-4f16-ba63-8367196a64d6.jpg"",""http:\/\/bos.bj.baidubce.com\/json-api\/v1\/crowdtest-online\/upload\/8354986_efedeb56-b901-4b02-8a52-98ffe9deb15d.jpg""]",未知,P0,审核不通过,2015-12-21 10:01:50,,11
0,15412365,急救快通测试,江苏|南京,Lenovo  Lenovo A670t,Android 4.2.1,WIFI,无SIM卡,Lenovo A670t_S016_130416,溜达溜达进入后，在主菜单中点击记录查询，毫无反应。,溜达溜达进入后，在主菜单中点击记录查询，毫无反应。溜达溜达进入后，在主菜单中点击记录查询，毫无反应。,"[""http:\/\/bos.bj.baidubce.com\/json-api\/v1\/crowdtest-online\/upload\/8354992_1a9b7947-4201-4453-b380-a112e129d881.jpg"",""http:\/\/bos.bj.baidubce.com\/json-api\/v1\/crowdtest-online\/upload\/8354991_83a64f99-db20-4864-911b-d99170aecbe5.jpg"",""http:\/\/bos.bj.baidubce.com\/json-api\/v1\/crowdtest-online\/upload\/8354990_1a0fc60a-c575-4a29-bbaf-d60c03d9e3d3.jpg"",""http:\/\/bos.bj.baidubce.com\/json-api\/v1\/crowdtest-online\/upload\/8354989_38350ed7-25e3-44c6-95e4-7fc844bb3687.jpg"",""http:\/\/bos.bj.baidubce.com\/json-api\/v1\/crowdtest-online\/upload\/8354987_a649b3e0-6473-4f16-ba63-8367196a64d6.jpg"",""http:\/\/bos.bj.baidubce.com\/json-api\/v1\/crowdtest-online\/upload\/8354986_efedeb56-b901-4b02-8a52-98ffe9deb15d.jpg""]",未知,P0,审核通过,2015-12-21 10:02:20,,30
0,15412365,急救快通测试,江苏|南京,Lenovo  Lenovo A670t,Android 4.2.1,WIFI,无SIM卡,Lenovo A670t_S016_130416,软件主菜单点击急救手册，无法打开一直处于缓冲状态。,软件主菜单点击急救手册，无法打开一直处于缓冲状态。软件主菜单点击急救手册，无法打开一直处于缓冲状态。,"[""http:\/\/bos.bj.baidubce.com\/json-api\/v1\/crowdtest-online\/upload\/8354992_1a9b7947-4201-4453-b380-a112e129d881.jpg"",""http:\/\/bos.bj.baidubce.com\/json-api\/v1\/crowdtest-online\/upload\/8354991_83a64f99-db20-4864-911b-d99170aecbe5.jpg"",""http:\/\/bos.bj.baidubce.com\/json-api\/v1\/crowdtest-online\/upload\/8354990_1a0fc60a-c575-4a29-bbaf-d60c03d9e3d3.jpg"",""http:\/\/bos.bj.baidubce.com\/json-api\/v1\/crowdtest-online\/upload\/8354989_38350ed7-25e3-44c6-95e4-7fc844bb3687.jpg"",""http:\/\/bos.bj.baidubce.com\/json-api\/v1\/crowdtest-online\/upload\/8354987_a649b3e0-6473-4f16-ba63-8367196a64d6.jpg"",""http:\/\/bos.bj.baidubce.com\/json-api\/v1\/crowdtest-online\/upload\/8354986_efedeb56-b901-4b02-8a52-98ffe9deb15d.jpg""]",未知,P0,审核通过,2015-12-21 10:04:02,,24
0,15429648,急救快通测试,广东省|中山市|中山市市辖区|同福中路|null,Huawei  HUAWEI P6-U06,Android 4.4.2,WIFI,中国移动,P6-U06V100R001C17B508,网络畅通的情况下，进入急救手册，一直显示“正在获取数据中……”等了很久，侧显示“未完成加载”,下载app后，进行测试，进入急救手册，一直显示“正在获取数据中……”等了很久，侧显示“未完成加载”,[],未知,P0,审核不通过,2015-12-21 10:04:25,,9
0,15437163,急救快通测试,山东省|烟台市|栖霞市|S209(迎宾路)|,Xiaomi  2014813,Android 4.4.4,WIFI,中国移动,KTU84P,登陆时候点击微信登陆一直显示正在登陆请稍后等了1分钟也没反应,登陆时候点击微信登陆一直显示正在登陆请稍后等了1分钟也没反应,"[""http:\/\/bos.bj.baidubce.com\/json-api\/v1\/crowdtest-online\/upload\/8306141_617d1df4-a976-4703-9540-6b83d5a16a52.jpg"",""http:\/\/bos.bj.baidubce.com\/json-api\/v1\/crowdtest-online\/upload\/8306140_75563323-c66d-473f-ba29-cfab090ac3fe.jpg"",""http:\/\/bos.bj.baidubce.com\/json-api\/v1\/crowdtest-online\/upload\/8306139_8587244f-c4c4-4ee6-9608-d217475e91f9.jpg"",""http:\/\/bos.bj.baidubce.com\/json-api\/v1\/crowdtest-online\/upload\/8306138_c6cb5654-691e-444d-b393-6238e4490c4c.jpg""]",未知,P0,审核通过,2015-12-19 09:47:07,,11
0,15437163,急救快通测试,山东省|烟台市|栖霞市|S209(迎宾路)|,Xiaomi  2014813,Android 4.4.4,WIFI,中国移动,KTU84P,登陆时候点击qq登陆一直显示正在登陆请稍后等了1分钟也没反应,登陆时候点击qq登陆一直显示正在登陆请稍后等了1分钟也没反应,"[""http:\/\/bos.bj.baidubce.com\/json-api\/v1\/crowdtest-online\/upload\/8306141_617d1df4-a976-4703-9540-6b83d5a16a52.jpg"",""http:\/\/bos.bj.baidubce.com\/json-api\/v1\/crowdtest-online\/upload\/8306140_75563323-c66d-473f-ba29-cfab090ac3fe.jpg"",""http:\/\/bos.bj.baidubce.com\/json-api\/v1\/crowdtest-online\/upload\/8306139_8587244f-c4c4-4ee6-9608-d217475e91f9.jpg"",""http:\/\/bos.bj.baidubce.com\/json-api\/v1\/crowdtest-online\/upload\/8306138_c6cb5654-691e-444d-b393-6238e4490c4c.jpg""]",未知,P0,审核通过,2015-12-19 09:47:20,,11
0,15437163,急救快通测试,山东省|烟台市|栖霞市|S209(迎宾路)|,Xiaomi  2014813,Android 4.4.4,WIFI,中国移动,KTU84P,进入主菜单点击急救状态界面毫无反应,进入主菜单点击急救状态界面毫无反应  进入主菜单点击急救状态界面毫无反应,"[""http:\/\/bos.bj.baidubce.com\/json-api\/v1\/crowdtest-online\/upload\/8306141_617d1df4-a976-4703-9540-6b83d5a16a52.jpg"",""http:\/\/bos.bj.baidubce.com\/json-api\/v1\/crowdtest-online\/upload\/8306140_75563323-c66d-473f-ba29-cfab090ac3fe.jpg"",""http:\/\/bos.bj.baidubce.com\/json-api\/v1\/crowdtest-online\/upload\/8306139_8587244f-c4c4-4ee6-9608-d217475e91f9.jpg"",""http:\/\/bos.bj.baidubce.com\/json-api\/v1\/crowdtest-online\/upload\/8306138_c6cb5654-691e-444d-b393-6238e4490c4c.jpg""]",未知,P0,审核通过,2015-12-19 09:47:28,,24
0,15437163,急救快通测试,山东省|烟台市|栖霞市|S209(迎宾路)|,Xiaomi  2014813,Android 4.4.4,WIFI,中国移动,KTU84P,进入主菜单点击记录查询界面毫无反应,进入主菜单点击记录查询界面毫无反应 进入主菜单点击记录查询界面毫无反应,"[""http:\/\/bos.bj.baidubce.com\/json-api\/v1\/crowdtest-online\/upload\/8306141_617d1df4-a976-4703-9540-6b83d5a16a52.jpg"",""http:\/\/bos.bj.baidubce.com\/json-api\/v1\/crowdtest-online\/upload\/8306140_75563323-c66d-473f-ba29-cfab090ac3fe.jpg"",""http:\/\/bos.bj.baidubce.com\/json-api\/v1\/crowdtest-online\/upload\/8306139_8587244f-c4c4-4ee6-9608-d217475e91f9.jpg"",""http:\/\/bos.bj.baidubce.com\/json-api\/v1\/crowdtest-online\/upload\/8306138_c6cb5654-691e-444d-b393-6238e4490c4c.jpg""]",未知,P0,审核通过,2015-12-19 09:47:36,,30
0,15449988,急救快通测试,浙江省|金华市|婺城区|S313|,samsung  SM-N9008V,Android 5.0,MOBILE LTE,中国移动,LRX21V.N9008VZMUDOC3,在首页界面内，登陆后点击【急救状态】，仅仅出现一下图标一动，而后就没有任何反应,在首页界面内，登陆后点击【急救状态】，仅仅出现一下图标一动，而后就没有任何反应,"[""http:\/\/bos.bj.baidubce.com\/json-api\/v1\/crowdtest-online\/upload\/8353874_ad3a4e28-e519-4b74-bab9-ca8350250920.jpg""]",未知,P0,审核不通过,2015-12-21 09:54:43,,0
0,15449988,急救快通测试,浙江省|金华市|婺城区|S313|,samsung  SM-N9008V,Android 5.0,MOBILE LTE,中国移动,LRX21V.N9008VZMUDOC3,在首页界面内，登陆后点击【记录查询】，仅仅出现一下图标一动，而后就没有任何反应,在首页界面内，登陆后点击【记录查询】，仅仅出现一下图标一动，而后就没有任何反应,"[""http:\/\/bos.bj.baidubce.com\/json-api\/v1\/crowdtest-online\/upload\/8353874_ad3a4e28-e519-4b74-bab9-ca8350250920.jpg""]",未知,P0,审核不通过,2015-12-21 09:54:54,,0
0,15449988,急救快通测试,浙江省|金华市|婺城区|S313|,samsung  SM-N9008V,Android 5.0,MOBILE LTE,中国移动,LRX21V.N9008VZMUDOC3,在首页界面内，登陆后点击【远程诊断】，仅仅出现一下图标一动，而后就没有任何反应,在首页界面内，登陆后点击【远程诊断】，仅仅出现一下图标一动，而后就没有任何反应,"[""http:\/\/bos.bj.baidubce.com\/json-api\/v1\/crowdtest-online\/upload\/8353874_ad3a4e28-e519-4b74-bab9-ca8350250920.jpg""]",未知,P0,审核不通过,2015-12-21 09:55:12,,0
0,15449988,急救快通测试,浙江省|金华市|婺城区|S313|,samsung  SM-N9008V,Android 5.0,MOBILE LTE,中国移动,LRX21V.N9008VZMUDOC3,在首页界面内，登陆后点击【急救状态】，仅仅出现一下图标一动，而后就没有任何反应,在首页界面内，登陆后点击【急救状态】，仅仅出现一下图标一动，而后就没有任何反应,"[""http:\/\/bos.bj.baidubce.com\/json-api\/v1\/crowdtest-online\/upload\/8353874_ad3a4e28-e519-4b74-bab9-ca8350250920.jpg""]",未知,P0,审核不通过,2015-12-21 09:55:16,,0
0,15449988,急救快通测试,浙江省|金华市|婺城区|S313|,samsung  SM-N9008V,Android 5.0,MOBILE LTE,中国移动,LRX21V.N9008VZMUDOC3,在首页界面内，登陆后点击【记录查询】，仅仅出现一下图标一动，而后就没有任何反应,在首页界面内，登陆后点击【记录查询】，仅仅出现一下图标一动，而后就没有任何反应,"[""http:\/\/bos.bj.baidubce.com\/json-api\/v1\/crowdtest-online\/upload\/8353874_ad3a4e28-e519-4b74-bab9-ca8350250920.jpg""]",未知,P0,审核通过,2015-12-21 09:55:30,,0
0,15449988,急救快通测试,浙江省|金华市|婺城区|S313|,samsung  SM-N9008V,Android 5.0,MOBILE LTE,中国移动,LRX21V.N9008VZMUDOC3,在首页界面内，登陆后点击【远程诊断】，仅仅出现一下图标一动，而后就没有任何反应,在首页界面内，登陆后点击【远程诊断】，仅仅出现一下图标一动，而后就没有任何反应,"[""http:\/\/bos.bj.baidubce.com\/json-api\/v1\/crowdtest-online\/upload\/8353874_ad3a4e28-e519-4b74-bab9-ca8350250920.jpg""]",未知,P0,审核不通过,2015-12-21 09:55:53,,0
0,15471034,急救快通测试,河南省|郑州市|金水区|北环路|61号,Huawei  HUAWEI G750-T01,Android 4.2.2,WIFI,中国移动,G750-T01 V100R001CHNC00B152,第三方登录失败，定位失败,第三方登录失败，定位失败，无法查询附近医院,[],未知,P0,审核通过,2015-12-19 00:47:57,,31
0,15477505,急救快通测试,江苏省|无锡市|北塘区|盛岸路|211-10-1,Sony  XL39h,Android 4.2.2,WIFI,中国移动,14.1.B.1.510,使用qq登陆，“登陆失败，网络或服务器故障”,wifi，使用qq登陆，授权成功，但无法登陆，提示“登陆失败，网络或服务器故障”,"[""http:\/\/bos.bj.baidubce.com\/json-api\/v1\/crowdtest-online\/upload\/8326576_e9812f3c-a170-4f56-9f08-0b561dfbb24c.jpg"",""http:\/\/bos.bj.baidubce.com\/json-api\/v1\/crowdtest-online\/upload\/8326574_2273a869-1ee2-418c-9674-483149318bd4.jpg"",""http:\/\/bos.bj.baidubce.com\/json-api\/v1\/crowdtest-online\/upload\/8326572_421d912f-5365-4009-980c-8ab78ef57d64.jpg"",""http:\/\/bos.bj.baidubce.com\/json-api\/v1\/crowdtest-online\/upload\/8326568_9b72ced1-f360-45d1-8a89-38809e4e12df.jpg""]",未知,P0,审核通过,2015-12-19 19:57:32,,12
0,16460706,急救快通测试,广东省|广州市|越秀区|大新路|84,samsung  GT-I9300,Android 4.1.2,WIFI,中国联通,cm_i9300-userdebug 4.1.2 JZO54,在线支付功能无法使用。,登录状态下－主菜单中在线支付－点支付宝支付或微信支付都没有反应。三星s3，安卓4.1.2,"[""http:\/\/bos.bj.baidubce.com\/json-api\/v1\/crowdtest-online\/upload\/8319252_2fc85465-cbd9-4ac3-b5f7-71d49f24563c.jpg"",""http:\/\/bos.bj.baidubce.com\/json-api\/v1\/crowdtest-online\/upload\/8319251_66b76731-069a-456f-9c2c-e9446dbef490.jpg""]",未知,P0,审核通过,2015-12-19 16:52:14,,2
0,16460706,急救快通测试,广东省|广州市|越秀区|大新路|84,samsung  GT-I9300,Android 4.1.2,WIFI,中国联通,cm_i9300-userdebug 4.1.2 JZO54,急救手册中内容没办法分享到第三方,主菜单－急救手册－急救禁忌－随便一篇内容－右上角分享按扭，没有反应。三星s3，安卓4.1.2,"[""http:\/\/bos.bj.baidubce.com\/json-api\/v1\/crowdtest-online\/upload\/8319252_2fc85465-cbd9-4ac3-b5f7-71d49f24563c.jpg"",""http:\/\/bos.bj.baidubce.com\/json-api\/v1\/crowdtest-online\/upload\/8319251_66b76731-069a-456f-9c2c-e9446dbef490.jpg""]",未知,P0,审核通过,2015-12-19 16:52:28,,23
0,16484711,急救快通测试,江苏|盐城,vivo  vivo Y22L,Android 4.3,WIFI,中国移动,JLS36C,下载安装app注册打开首页后点击就状态无任何反应,下载安装app注册打开首页后点击就状态无任何反应,"[""http:\/\/bos.bj.baidubce.com\/json-api\/v1\/crowdtest-online\/upload\/8365539_9abfaa06-b0da-40f4-8132-2d4a830cd500.jpg"",""http:\/\/bos.bj.baidubce.com\/json-api\/v1\/crowdtest-online\/upload\/8365538_803c8674-a55a-42e1-b4bb-13703927bbfa.jpg""]",未知,P0,审核不通过,2015-12-21 17:11:12,,6
0,16484711,急救快通测试,江苏|盐城,vivo  vivo Y22L,Android 4.3,WIFI,中国移动,JLS36C,下载安装app注册打开首页后点远程诊断无任何反应,下载安装app注册打开首页后点远程诊断无任何反应,"[""http:\/\/bos.bj.baidubce.com\/json-api\/v1\/crowdtest-online\/upload\/8365539_9abfaa06-b0da-40f4-8132-2d4a830cd500.jpg"",""http:\/\/bos.bj.baidubce.com\/json-api\/v1\/crowdtest-online\/upload\/8365538_803c8674-a55a-42e1-b4bb-13703927bbfa.jpg""]",未知,P0,审核通过,2015-12-21 17:11:36,,6
0,16484711,急救快通测试,江苏|盐城,vivo  vivo Y22L,Android 4.3,WIFI,中国移动,JLS36C,下载安装app注册打开首页后点在线支付后跳出微信支付与支付宝支付，接下来的微信支付与支付宝支付无任何反应,下载安装app注册打开首页后点在线支付后跳出微信支付与支付宝支付，接下来的微信支付与支付宝支付无任何反应,"[""http:\/\/bos.bj.baidubce.com\/json-api\/v1\/crowdtest-online\/upload\/8365539_9abfaa06-b0da-40f4-8132-2d4a830cd500.jpg"",""http:\/\/bos.bj.baidubce.com\/json-api\/v1\/crowdtest-online\/upload\/8365538_803c8674-a55a-42e1-b4bb-13703927bbfa.jpg""]",未知,P0,审核通过,2015-12-21 17:11:41,,2
0,16484711,急救快通测试,江苏|盐城,vivo  vivo Y22L,Android 4.3,WIFI,中国移动,JLS36C,下载安装app注册打开首页后完全显示不出来，下面两个按钮不显示,下载安装app注册打开首页后完全显示不出来，下面两个按钮不显示,"[""http:\/\/bos.bj.baidubce.com\/json-api\/v1\/crowdtest-online\/upload\/8365539_9abfaa06-b0da-40f4-8132-2d4a830cd500.jpg"",""http:\/\/bos.bj.baidubce.com\/json-api\/v1\/crowdtest-online\/upload\/8365538_803c8674-a55a-42e1-b4bb-13703927bbfa.jpg""]",未知,P0,审核通过,2015-12-21 17:11:31,,16
0,16518393,急救快通测试,上海市|上海市|宝山区|逸仙路|3988号,google  Nexus 5,Android 5.1.1,WIFI,中国联通,LMY48M,个人信息滑出菜单显示不正确,打开程序。注册登录后，完善了个人信息，有年龄信息，但是在主页左侧滑出菜单列表项中的年龄却显示未知。,"[""http:\/\/bos.bj.baidubce.com\/json-api\/v1\/crowdtest-online\/upload\/8359384_99fc9bc9-1cba-4aa7-a938-70664bbb99dd.jpg"",""http:\/\/bos.bj.baidubce.com\/json-api\/v1\/crowdtest-online\/upload\/8359383_55cd3039-501f-442a-8330-aca81aa508f3.jpg""]",未知,P0,审核通过,2015-12-21 10:04:49,,33
0,16541417,急救快通测试,广东|东莞,Coolpad  Coolpad 8702,Android 4.3,WIFI,无SIM卡,4.3.021.P0.140412.8702,登录页面登录两字错误，写成“登陆”,"1.打开软件，进入登录页面
2.查看页面显示，登录写成登陆","[""http:\/\/bos.bj.baidubce.com\/json-api\/v1\/crowdtest-online\/upload\/8303225_09eafc4b-0ca1-49ff-800b-8ed751ad1be0.jpg"",""http:\/\/bos.bj.baidubce.com\/json-api\/v1\/crowdtest-online\/upload\/8303224_8728c8e1-7775-480e-8e1b-6974a512cbd6.jpg"",""http:\/\/bos.bj.baidubce.com\/json-api\/v1\/crowdtest-online\/upload\/8303223_0df3d529-72bc-4471-95e1-6e30e32c757c.jpg"",""http:\/\/bos.bj.baidubce.com\/json-api\/v1\/crowdtest-online\/upload\/8303222_b2b03623-24fa-41e6-b8dc-8691175ba459.jpg"",""http:\/\/bos.bj.baidubce.com\/json-api\/v1\/crowdtest-online\/upload\/8303221_19a817ca-7817-4b72-9d48-db70435cb081.jpg"",""http:\/\/bos.bj.baidubce.com\/json-api\/v1\/crowdtest-online\/upload\/8303220_b4808832-cd28-46ea-9e12-3b4a0e824c63.jpg""]",未知,P0,审核通过,2015-12-19 01:21:06,,38
0,16541417,急救快通测试,广东|东莞,Coolpad  Coolpad 8702,Android 4.3,WIFI,无SIM卡,4.3.021.P0.140412.8702,新浪微博登录失败，一直显示正在登录，请稍后。。。,"1.网络正常，进入登录页面
2.选择第三方平台登录，点击新浪微博，一直加载中，登录失败","[""http:\/\/bos.bj.baidubce.com\/json-api\/v1\/crowdtest-online\/upload\/8303225_09eafc4b-0ca1-49ff-800b-8ed751ad1be0.jpg"",""http:\/\/bos.bj.baidubce.com\/json-api\/v1\/crowdtest-online\/upload\/8303224_8728c8e1-7775-480e-8e1b-6974a512cbd6.jpg"",""http:\/\/bos.bj.baidubce.com\/json-api\/v1\/crowdtest-online\/upload\/8303223_0df3d529-72bc-4471-95e1-6e30e32c757c.jpg"",""http:\/\/bos.bj.baidubce.com\/json-api\/v1\/crowdtest-online\/upload\/8303222_b2b03623-24fa-41e6-b8dc-8691175ba459.jpg"",""http:\/\/bos.bj.baidubce.com\/json-api\/v1\/crowdtest-online\/upload\/8303221_19a817ca-7817-4b72-9d48-db70435cb081.jpg"",""http:\/\/bos.bj.baidubce.com\/json-api\/v1\/crowdtest-online\/upload\/8303220_b4808832-cd28-46ea-9e12-3b4a0e824c63.jpg""]",未知,P0,审核通过,2015-12-19 01:20:59,,19
0,16541417,急救快通测试,广东|东莞,Coolpad  Coolpad 8702,Android 4.3,WIFI,无SIM卡,4.3.021.P0.140412.8702,进入登录页面，微信登录失败,"1.进入登录页面；
2.使用微信登录，进入登录页面，点击登录，提示正在授权，返回到登录页面没反应，登录失败","[""http:\/\/bos.bj.baidubce.com\/json-api\/v1\/crowdtest-online\/upload\/8303225_09eafc4b-0ca1-49ff-800b-8ed751ad1be0.jpg"",""http:\/\/bos.bj.baidubce.com\/json-api\/v1\/crowdtest-online\/upload\/8303224_8728c8e1-7775-480e-8e1b-6974a512cbd6.jpg"",""http:\/\/bos.bj.baidubce.com\/json-api\/v1\/crowdtest-online\/upload\/8303223_0df3d529-72bc-4471-95e1-6e30e32c757c.jpg"",""http:\/\/bos.bj.baidubce.com\/json-api\/v1\/crowdtest-online\/upload\/8303222_b2b03623-24fa-41e6-b8dc-8691175ba459.jpg"",""http:\/\/bos.bj.baidubce.com\/json-api\/v1\/crowdtest-online\/upload\/8303221_19a817ca-7817-4b72-9d48-db70435cb081.jpg"",""http:\/\/bos.bj.baidubce.com\/json-api\/v1\/crowdtest-online\/upload\/8303220_b4808832-cd28-46ea-9e12-3b4a0e824c63.jpg""]",未知,P0,审核通过,2015-12-19 01:20:51,,19
0,16541417,急救快通测试,广东|东莞,Coolpad  Coolpad 8702,Android 4.3,WIFI,无SIM卡,4.3.021.P0.140412.8702,使用qq登录失败，提示提示登录失败，网络故障或服务器故障,"1.进入登录页面，
2.点击使用qq登录，授权成功后返回登录页面，提示登录失败，网络故障或服务器故障","[""http:\/\/bos.bj.baidubce.com\/json-api\/v1\/crowdtest-online\/upload\/8303225_09eafc4b-0ca1-49ff-800b-8ed751ad1be0.jpg"",""http:\/\/bos.bj.baidubce.com\/json-api\/v1\/crowdtest-online\/upload\/8303224_8728c8e1-7775-480e-8e1b-6974a512cbd6.jpg"",""http:\/\/bos.bj.baidubce.com\/json-api\/v1\/crowdtest-online\/upload\/8303223_0df3d529-72bc-4471-95e1-6e30e32c757c.jpg"",""http:\/\/bos.bj.baidubce.com\/json-api\/v1\/crowdtest-online\/upload\/8303222_b2b03623-24fa-41e6-b8dc-8691175ba459.jpg"",""http:\/\/bos.bj.baidubce.com\/json-api\/v1\/crowdtest-online\/upload\/8303221_19a817ca-7817-4b72-9d48-db70435cb081.jpg"",""http:\/\/bos.bj.baidubce.com\/json-api\/v1\/crowdtest-online\/upload\/8303220_b4808832-cd28-46ea-9e12-3b4a0e824c63.jpg""]",未知,P0,审核通过,2015-12-19 01:20:44,,19
0,16541417,急救快通测试,广东|东莞,Coolpad  Coolpad 8702,Android 4.3,WIFI,无SIM卡,4.3.021.P0.140412.8702,完善信息页面在年龄一栏输入四位数，右侧的年龄显示负数,"1.使用第三方qq登录成功后进入完善信息页面
2.在年龄一栏输入四位数，右侧的年龄显示负数","[""http:\/\/bos.bj.baidubce.com\/json-api\/v1\/crowdtest-online\/upload\/8303225_09eafc4b-0ca1-49ff-800b-8ed751ad1be0.jpg"",""http:\/\/bos.bj.baidubce.com\/json-api\/v1\/crowdtest-online\/upload\/8303224_8728c8e1-7775-480e-8e1b-6974a512cbd6.jpg"",""http:\/\/bos.bj.baidubce.com\/json-api\/v1\/crowdtest-online\/upload\/8303223_0df3d529-72bc-4471-95e1-6e30e32c757c.jpg"",""http:\/\/bos.bj.baidubce.com\/json-api\/v1\/crowdtest-online\/upload\/8303222_b2b03623-24fa-41e6-b8dc-8691175ba459.jpg"",""http:\/\/bos.bj.baidubce.com\/json-api\/v1\/crowdtest-online\/upload\/8303221_19a817ca-7817-4b72-9d48-db70435cb081.jpg"",""http:\/\/bos.bj.baidubce.com\/json-api\/v1\/crowdtest-online\/upload\/8303220_b4808832-cd28-46ea-9e12-3b4a0e824c63.jpg""]",未知,P0,审核通过,2015-12-19 01:20:35,,33
0,16541417,急救快通测试,广东|东莞,Coolpad  Coolpad 8702,Android 4.3,WIFI,无SIM卡,4.3.021.P0.140412.8702,完善信息页面输入信息后点击提交，提示网络或服务器错误,"1.使用第三方qq登录成功后进入完善信息页面
2.输入所有信息后，点击提交；提示网络或服务器错误","[""http:\/\/bos.bj.baidubce.com\/json-api\/v1\/crowdtest-online\/upload\/8303225_09eafc4b-0ca1-49ff-800b-8ed751ad1be0.jpg"",""http:\/\/bos.bj.baidubce.com\/json-api\/v1\/crowdtest-online\/upload\/8303224_8728c8e1-7775-480e-8e1b-6974a512cbd6.jpg"",""http:\/\/bos.bj.baidubce.com\/json-api\/v1\/crowdtest-online\/upload\/8303223_0df3d529-72bc-4471-95e1-6e30e32c757c.jpg"",""http:\/\/bos.bj.baidubce.com\/json-api\/v1\/crowdtest-online\/upload\/8303222_b2b03623-24fa-41e6-b8dc-8691175ba459.jpg"",""http:\/\/bos.bj.baidubce.com\/json-api\/v1\/crowdtest-online\/upload\/8303221_19a817ca-7817-4b72-9d48-db70435cb081.jpg"",""http:\/\/bos.bj.baidubce.com\/json-api\/v1\/crowdtest-online\/upload\/8303220_b4808832-cd28-46ea-9e12-3b4a0e824c63.jpg""]",未知,P0,审核通过,2015-12-19 01:20:28,,41
0,16541417,急救快通测试,广东|东莞,Coolpad  Coolpad 8702,Android 4.3,WIFI,无SIM卡,4.3.021.P0.140412.8702,完善信息页面左上角没有返回按钮，点击手机返回键直接退出app,"1.登录成功后进入完善信息页面
2.左上角没有返回按钮，点击手机返回键直接退出app  期望结果：左上有返回按钮，可回退到登录页面","[""http:\/\/bos.bj.baidubce.com\/json-api\/v1\/crowdtest-online\/upload\/8303225_09eafc4b-0ca1-49ff-800b-8ed751ad1be0.jpg"",""http:\/\/bos.bj.baidubce.com\/json-api\/v1\/crowdtest-online\/upload\/8303224_8728c8e1-7775-480e-8e1b-6974a512cbd6.jpg"",""http:\/\/bos.bj.baidubce.com\/json-api\/v1\/crowdtest-online\/upload\/8303223_0df3d529-72bc-4471-95e1-6e30e32c757c.jpg"",""http:\/\/bos.bj.baidubce.com\/json-api\/v1\/crowdtest-online\/upload\/8303222_b2b03623-24fa-41e6-b8dc-8691175ba459.jpg"",""http:\/\/bos.bj.baidubce.com\/json-api\/v1\/crowdtest-online\/upload\/8303221_19a817ca-7817-4b72-9d48-db70435cb081.jpg"",""http:\/\/bos.bj.baidubce.com\/json-api\/v1\/crowdtest-online\/upload\/8303220_b4808832-cd28-46ea-9e12-3b4a0e824c63.jpg""]",未知,P0,审核通过,2015-12-19 01:20:22,,37
0,16541417,急救快通测试,广东|东莞,Coolpad  Coolpad 8702,Android 4.3,WIFI,无SIM卡,4.3.021.P0.140412.8702,会员注册页面随便输入一个手机号与密码，就能注册成功，没有做校验，不需要填写验证码,会员注册页面随便输入一个手机号与密码，就能注册成功，没有做校验，不需要填写验证码,"[""http:\/\/bos.bj.baidubce.com\/json-api\/v1\/crowdtest-online\/upload\/8303225_09eafc4b-0ca1-49ff-800b-8ed751ad1be0.jpg"",""http:\/\/bos.bj.baidubce.com\/json-api\/v1\/crowdtest-online\/upload\/8303224_8728c8e1-7775-480e-8e1b-6974a512cbd6.jpg"",""http:\/\/bos.bj.baidubce.com\/json-api\/v1\/crowdtest-online\/upload\/8303223_0df3d529-72bc-4471-95e1-6e30e32c757c.jpg"",""http:\/\/bos.bj.baidubce.com\/json-api\/v1\/crowdtest-online\/upload\/8303222_b2b03623-24fa-41e6-b8dc-8691175ba459.jpg"",""http:\/\/bos.bj.baidubce.com\/json-api\/v1\/crowdtest-online\/upload\/8303221_19a817ca-7817-4b72-9d48-db70435cb081.jpg"",""http:\/\/bos.bj.baidubce.com\/json-api\/v1\/crowdtest-online\/upload\/8303220_b4808832-cd28-46ea-9e12-3b4a0e824c63.jpg""]",未知,P0,审核通过,2015-12-19 01:20:15,,34
0,16541417,急救快通测试,广东|东莞,Coolpad  Coolpad 8702,Android 4.3,WIFI,无SIM卡,4.3.021.P0.140412.8702,在线支付页面点击支付宝支付或微信支付没反应,"1.进入主菜单页面
2.点击在线支付，弹出选项框后，点击支付宝支付或微信支付，点击没反应","[""http:\/\/bos.bj.baidubce.com\/json-api\/v1\/crowdtest-online\/upload\/8303225_09eafc4b-0ca1-49ff-800b-8ed751ad1be0.jpg"",""http:\/\/bos.bj.baidubce.com\/json-api\/v1\/crowdtest-online\/upload\/8303224_8728c8e1-7775-480e-8e1b-6974a512cbd6.jpg"",""http:\/\/bos.bj.baidubce.com\/json-api\/v1\/crowdtest-online\/upload\/8303223_0df3d529-72bc-4471-95e1-6e30e32c757c.jpg"",""http:\/\/bos.bj.baidubce.com\/json-api\/v1\/crowdtest-online\/upload\/8303222_b2b03623-24fa-41e6-b8dc-8691175ba459.jpg"",""http:\/\/bos.bj.baidubce.com\/json-api\/v1\/crowdtest-online\/upload\/8303221_19a817ca-7817-4b72-9d48-db70435cb081.jpg"",""http:\/\/bos.bj.baidubce.com\/json-api\/v1\/crowdtest-online\/upload\/8303220_b4808832-cd28-46ea-9e12-3b4a0e824c63.jpg""]",未知,P0,审核通过,2015-12-19 01:20:08,,2
0,16541417,急救快通测试,广东|东莞,Coolpad  Coolpad 8702,Android 4.3,WIFI,无SIM卡,4.3.021.P0.140412.8702,在线支付弹出选项框后点击手机返回按钮后不能隐藏选项框,"1.进入主菜单页面
2.点击在线支付
3.弹出选项框后点击手机返回按钮，提示再点击一次退出app  期望结果：可隐藏选项框，","[""http:\/\/bos.bj.baidubce.com\/json-api\/v1\/crowdtest-online\/upload\/8303225_09eafc4b-0ca1-49ff-800b-8ed751ad1be0.jpg"",""http:\/\/bos.bj.baidubce.com\/json-api\/v1\/crowdtest-online\/upload\/8303224_8728c8e1-7775-480e-8e1b-6974a512cbd6.jpg"",""http:\/\/bos.bj.baidubce.com\/json-api\/v1\/crowdtest-online\/upload\/8303223_0df3d529-72bc-4471-95e1-6e30e32c757c.jpg"",""http:\/\/bos.bj.baidubce.com\/json-api\/v1\/crowdtest-online\/upload\/8303222_b2b03623-24fa-41e6-b8dc-8691175ba459.jpg"",""http:\/\/bos.bj.baidubce.com\/json-api\/v1\/crowdtest-online\/upload\/8303221_19a817ca-7817-4b72-9d48-db70435cb081.jpg"",""http:\/\/bos.bj.baidubce.com\/json-api\/v1\/crowdtest-online\/upload\/8303220_b4808832-cd28-46ea-9e12-3b4a0e824c63.jpg""]",未知,P0,审核通过,2015-12-19 01:19:58,,17
0,16541417,急救快通测试,广东|东莞,Coolpad  Coolpad 8702,Android 4.3,WIFI,无SIM卡,4.3.021.P0.140412.8702,分享到新浪微博失败，页面显示访问出错,"1.点击左侧菜单栏
2.点击应用分享，点击分享到新浪微博，分享失败","[""http:\/\/bos.bj.baidubce.com\/json-api\/v1\/crowdtest-online\/upload\/8303225_09eafc4b-0ca1-49ff-800b-8ed751ad1be0.jpg"",""http:\/\/bos.bj.baidubce.com\/json-api\/v1\/crowdtest-online\/upload\/8303224_8728c8e1-7775-480e-8e1b-6974a512cbd6.jpg"",""http:\/\/bos.bj.baidubce.com\/json-api\/v1\/crowdtest-online\/upload\/8303223_0df3d529-72bc-4471-95e1-6e30e32c757c.jpg"",""http:\/\/bos.bj.baidubce.com\/json-api\/v1\/crowdtest-online\/upload\/8303222_b2b03623-24fa-41e6-b8dc-8691175ba459.jpg"",""http:\/\/bos.bj.baidubce.com\/json-api\/v1\/crowdtest-online\/upload\/8303221_19a817ca-7817-4b72-9d48-db70435cb081.jpg"",""http:\/\/bos.bj.baidubce.com\/json-api\/v1\/crowdtest-online\/upload\/8303220_b4808832-cd28-46ea-9e12-3b4a0e824c63.jpg""]",未知,P0,审核通过,2015-12-19 01:19:51,,3
0,16541417,急救快通测试,广东|东莞,Coolpad  Coolpad 8702,Android 4.3,WIFI,无SIM卡,4.3.021.P0.140412.8702,分享到微信朋友圈时点击发送黑屏，点击返回app停止运行,"1.点击左侧菜单栏
2.点击应用分享，点击分享到朋友圈
3.进入分享页面，点击发送黑屏，点击返回app停止运行","[""http:\/\/bos.bj.baidubce.com\/json-api\/v1\/crowdtest-online\/upload\/8303225_09eafc4b-0ca1-49ff-800b-8ed751ad1be0.jpg"",""http:\/\/bos.bj.baidubce.com\/json-api\/v1\/crowdtest-online\/upload\/8303224_8728c8e1-7775-480e-8e1b-6974a512cbd6.jpg"",""http:\/\/bos.bj.baidubce.com\/json-api\/v1\/crowdtest-online\/upload\/8303223_0df3d529-72bc-4471-95e1-6e30e32c757c.jpg"",""http:\/\/bos.bj.baidubce.com\/json-api\/v1\/crowdtest-online\/upload\/8303222_b2b03623-24fa-41e6-b8dc-8691175ba459.jpg"",""http:\/\/bos.bj.baidubce.com\/json-api\/v1\/crowdtest-online\/upload\/8303221_19a817ca-7817-4b72-9d48-db70435cb081.jpg"",""http:\/\/bos.bj.baidubce.com\/json-api\/v1\/crowdtest-online\/upload\/8303220_b4808832-cd28-46ea-9e12-3b4a0e824c63.jpg""]",未知,P0,审核通过,2015-12-19 01:19:43,,32
0,16541417,急救快通测试,广东|东莞,Coolpad  Coolpad 8702,Android 4.3,WIFI,无SIM卡,4.3.021.P0.140412.8702,个人信息页面退出登录按钮只显示一点点，也不能上拉页面查看,"1.点击左侧栏
2.进入个人信息页面，页面下方的退出登录按钮被盖住无法查看","[""http:\/\/bos.bj.baidubce.com\/json-api\/v1\/crowdtest-online\/upload\/8303225_09eafc4b-0ca1-49ff-800b-8ed751ad1be0.jpg"",""http:\/\/bos.bj.baidubce.com\/json-api\/v1\/crowdtest-online\/upload\/8303224_8728c8e1-7775-480e-8e1b-6974a512cbd6.jpg"",""http:\/\/bos.bj.baidubce.com\/json-api\/v1\/crowdtest-online\/upload\/8303223_0df3d529-72bc-4471-95e1-6e30e32c757c.jpg"",""http:\/\/bos.bj.baidubce.com\/json-api\/v1\/crowdtest-online\/upload\/8303222_b2b03623-24fa-41e6-b8dc-8691175ba459.jpg"",""http:\/\/bos.bj.baidubce.com\/json-api\/v1\/crowdtest-online\/upload\/8303221_19a817ca-7817-4b72-9d48-db70435cb081.jpg"",""http:\/\/bos.bj.baidubce.com\/json-api\/v1\/crowdtest-online\/upload\/8303220_b4808832-cd28-46ea-9e12-3b4a0e824c63.jpg""]",未知,P0,审核通过,2015-12-19 01:19:31,,37
0,16560746,急救快通测试,天津市|天津市|东丽区||,samsung  SM-N9008S,Android 5.0,WIFI,中国联通,LRX21V.N9008SZCUCOG2,主界面，点击左上角的列表按钮后，进入列表界面，当前黑色字体在当前列表上文字显示不明显,主界面，点击左上角的列表按钮后，进入列表界面，当前黑色字体在当前列表上文字显示不明显,"[""http:\/\/bos.bj.baidubce.com\/json-api\/v1\/crowdtest-online\/upload\/8302176_714ced0d-f8db-40f7-927c-983613e39fd7.jpg"",""http:\/\/bos.bj.baidubce.com\/json-api\/v1\/crowdtest-online\/upload\/8302175_36aa9ce8-bb01-4833-838e-832ebd35505a.jpg"",""http:\/\/bos.bj.baidubce.com\/json-api\/v1\/crowdtest-online\/upload\/8302174_d5ebe6dc-279b-4a0a-8c93-5bf4771b2cec.jpg"",""http:\/\/bos.bj.baidubce.com\/json-api\/v1\/crowdtest-online\/upload\/8302173_e7e6538d-f54c-41d2-81a4-ddfd4d075790.jpg"",""http:\/\/bos.bj.baidubce.com\/json-api\/v1\/crowdtest-online\/upload\/8302172_357976b3-a490-469c-913f-712de7e22bcf.jpg"",""http:\/\/bos.bj.baidubce.com\/json-api\/v1\/crowdtest-online\/upload\/8302171_d6d00590-be42-446d-9d21-9e9598b8effb.jpg"",""http:\/\/bos.bj.baidubce.com\/json-api\/v1\/crowdtest-online\/upload\/8302170_0ca66095-1d9b-4274-ab6b-ef8b2920dce2.jpg"",""http:\/\/bos.bj.baidubce.com\/json-api\/v1\/crowdtest-online\/upload\/8302169_ae506a1b-c33a-4dc5-9288-f4840a991432.jpg""]",未知,P0,审核通过,2015-12-18 23:43:19,,40
0,16560746,急救快通测试,天津市|天津市|东丽区||,samsung  SM-N9008S,Android 5.0,WIFI,中国联通,LRX21V.N9008SZCUCOG2,点击主界面，左上角的列表按钮，点击界面上方的登录按钮，没有任何反应,点击主界面，左上角的列表按钮，点击界面上方的登录按钮，没有任何反应,"[""http:\/\/bos.bj.baidubce.com\/json-api\/v1\/crowdtest-online\/upload\/8302176_714ced0d-f8db-40f7-927c-983613e39fd7.jpg"",""http:\/\/bos.bj.baidubce.com\/json-api\/v1\/crowdtest-online\/upload\/8302175_36aa9ce8-bb01-4833-838e-832ebd35505a.jpg"",""http:\/\/bos.bj.baidubce.com\/json-api\/v1\/crowdtest-online\/upload\/8302174_d5ebe6dc-279b-4a0a-8c93-5bf4771b2cec.jpg"",""http:\/\/bos.bj.baidubce.com\/json-api\/v1\/crowdtest-online\/upload\/8302173_e7e6538d-f54c-41d2-81a4-ddfd4d075790.jpg"",""http:\/\/bos.bj.baidubce.com\/json-api\/v1\/crowdtest-online\/upload\/8302172_357976b3-a490-469c-913f-712de7e22bcf.jpg"",""http:\/\/bos.bj.baidubce.com\/json-api\/v1\/crowdtest-online\/upload\/8302171_d6d00590-be42-446d-9d21-9e9598b8effb.jpg"",""http:\/\/bos.bj.baidubce.com\/json-api\/v1\/crowdtest-online\/upload\/8302170_0ca66095-1d9b-4274-ab6b-ef8b2920dce2.jpg"",""http:\/\/bos.bj.baidubce.com\/json-api\/v1\/crowdtest-online\/upload\/8302169_ae506a1b-c33a-4dc5-9288-f4840a991432.jpg""]",未知,P0,审核通过,2015-12-19 01:23:36,,40
0,16560746,急救快通测试,天津市|天津市|东丽区||,samsung  SM-N9008S,Android 5.0,WIFI,中国联通,LRX21V.N9008SZCUCOG2,登录界面，登陆的陆字错误，应该是“录”,"１、进入登录界面
2、登录界面的有文字错误，登陆不对，应该是登录","[""http:\/\/bos.bj.baidubce.com\/json-api\/v1\/crowdtest-online\/upload\/8302176_714ced0d-f8db-40f7-927c-983613e39fd7.jpg"",""http:\/\/bos.bj.baidubce.com\/json-api\/v1\/crowdtest-online\/upload\/8302175_36aa9ce8-bb01-4833-838e-832ebd35505a.jpg"",""http:\/\/bos.bj.baidubce.com\/json-api\/v1\/crowdtest-online\/upload\/8302174_d5ebe6dc-279b-4a0a-8c93-5bf4771b2cec.jpg"",""http:\/\/bos.bj.baidubce.com\/json-api\/v1\/crowdtest-online\/upload\/8302173_e7e6538d-f54c-41d2-81a4-ddfd4d075790.jpg"",""http:\/\/bos.bj.baidubce.com\/json-api\/v1\/crowdtest-online\/upload\/8302172_357976b3-a490-469c-913f-712de7e22bcf.jpg"",""http:\/\/bos.bj.baidubce.com\/json-api\/v1\/crowdtest-online\/upload\/8302171_d6d00590-be42-446d-9d21-9e9598b8effb.jpg"",""http:\/\/bos.bj.baidubce.com\/json-api\/v1\/crowdtest-online\/upload\/8302170_0ca66095-1d9b-4274-ab6b-ef8b2920dce2.jpg"",""http:\/\/bos.bj.baidubce.com\/json-api\/v1\/crowdtest-online\/upload\/8302169_ae506a1b-c33a-4dc5-9288-f4840a991432.jpg""]",未知,P0,审核通过,2015-12-18 23:43:44,,38
0,16560746,急救快通测试,天津市|天津市|东丽区||,samsung  SM-N9008S,Android 5.0,WIFI,中国联通,LRX21V.N9008SZCUCOG2,网络正常的情况下，注册成功后，进入完善信息界面，输入必填项后，提示“网络或服务器错误”,网络正常的情况下，注册成功后，进入完善信息界面，输入必填项后，提示“网络或服务器错误”,"[""http:\/\/bos.bj.baidubce.com\/json-api\/v1\/crowdtest-online\/upload\/8302176_714ced0d-f8db-40f7-927c-983613e39fd7.jpg"",""http:\/\/bos.bj.baidubce.com\/json-api\/v1\/crowdtest-online\/upload\/8302175_36aa9ce8-bb01-4833-838e-832ebd35505a.jpg"",""http:\/\/bos.bj.baidubce.com\/json-api\/v1\/crowdtest-online\/upload\/8302174_d5ebe6dc-279b-4a0a-8c93-5bf4771b2cec.jpg"",""http:\/\/bos.bj.baidubce.com\/json-api\/v1\/crowdtest-online\/upload\/8302173_e7e6538d-f54c-41d2-81a4-ddfd4d075790.jpg"",""http:\/\/bos.bj.baidubce.com\/json-api\/v1\/crowdtest-online\/upload\/8302172_357976b3-a490-469c-913f-712de7e22bcf.jpg"",""http:\/\/bos.bj.baidubce.com\/json-api\/v1\/crowdtest-online\/upload\/8302171_d6d00590-be42-446d-9d21-9e9598b8effb.jpg"",""http:\/\/bos.bj.baidubce.com\/json-api\/v1\/crowdtest-online\/upload\/8302170_0ca66095-1d9b-4274-ab6b-ef8b2920dce2.jpg"",""http:\/\/bos.bj.baidubce.com\/json-api\/v1\/crowdtest-online\/upload\/8302169_ae506a1b-c33a-4dc5-9288-f4840a991432.jpg""]",未知,P0,审核通过,2015-12-18 23:43:57,,34
0,16560746,急救快通测试,天津市|天津市|东丽区||,samsung  SM-N9008S,Android 5.0,WIFI,中国联通,LRX21V.N9008SZCUCOG2,在登录界面，选择微信登录后，界面提示语中的标点符号不正确,在登录界面，选择微信登录后，界面提示语中的标点符号不正确，显示“正在登录，请稍后。。。”不应该是句号，应该是....,"[""http:\/\/bos.bj.baidubce.com\/json-api\/v1\/crowdtest-online\/upload\/8302176_714ced0d-f8db-40f7-927c-983613e39fd7.jpg"",""http:\/\/bos.bj.baidubce.com\/json-api\/v1\/crowdtest-online\/upload\/8302175_36aa9ce8-bb01-4833-838e-832ebd35505a.jpg"",""http:\/\/bos.bj.baidubce.com\/json-api\/v1\/crowdtest-online\/upload\/8302174_d5ebe6dc-279b-4a0a-8c93-5bf4771b2cec.jpg"",""http:\/\/bos.bj.baidubce.com\/json-api\/v1\/crowdtest-online\/upload\/8302173_e7e6538d-f54c-41d2-81a4-ddfd4d075790.jpg"",""http:\/\/bos.bj.baidubce.com\/json-api\/v1\/crowdtest-online\/upload\/8302172_357976b3-a490-469c-913f-712de7e22bcf.jpg"",""http:\/\/bos.bj.baidubce.com\/json-api\/v1\/crowdtest-online\/upload\/8302171_d6d00590-be42-446d-9d21-9e9598b8effb.jpg"",""http:\/\/bos.bj.baidubce.com\/json-api\/v1\/crowdtest-online\/upload\/8302170_0ca66095-1d9b-4274-ab6b-ef8b2920dce2.jpg"",""http:\/\/bos.bj.baidubce.com\/json-api\/v1\/crowdtest-online\/upload\/8302169_ae506a1b-c33a-4dc5-9288-f4840a991432.jpg""]",未知,P0,审核通过,2015-12-18 23:44:15,,38
0,16560746,急救快通测试,天津市|天津市|东丽区||,samsung  SM-N9008S,Android 5.0,WIFI,中国联通,LRX21V.N9008SZCUCOG2,在登录界面，选择微信登录后，进入微信授权界面，在微信授权界面，按返回按钮，提示正在登录，请稍后，一直停在稍后界面，取消后，应用没有任何反应,在登录界面，选择微信登录后，进入微信授权界面，在微信授权界面，按返回按钮，提示正在登录，请稍后，应该是退出微信登录,"[""http:\/\/bos.bj.baidubce.com\/json-api\/v1\/crowdtest-online\/upload\/8302176_714ced0d-f8db-40f7-927c-983613e39fd7.jpg"",""http:\/\/bos.bj.baidubce.com\/json-api\/v1\/crowdtest-online\/upload\/8302175_36aa9ce8-bb01-4833-838e-832ebd35505a.jpg"",""http:\/\/bos.bj.baidubce.com\/json-api\/v1\/crowdtest-online\/upload\/8302174_d5ebe6dc-279b-4a0a-8c93-5bf4771b2cec.jpg"",""http:\/\/bos.bj.baidubce.com\/json-api\/v1\/crowdtest-online\/upload\/8302173_e7e6538d-f54c-41d2-81a4-ddfd4d075790.jpg"",""http:\/\/bos.bj.baidubce.com\/json-api\/v1\/crowdtest-online\/upload\/8302172_357976b3-a490-469c-913f-712de7e22bcf.jpg"",""http:\/\/bos.bj.baidubce.com\/json-api\/v1\/crowdtest-online\/upload\/8302171_d6d00590-be42-446d-9d21-9e9598b8effb.jpg"",""http:\/\/bos.bj.baidubce.com\/json-api\/v1\/crowdtest-online\/upload\/8302170_0ca66095-1d9b-4274-ab6b-ef8b2920dce2.jpg"",""http:\/\/bos.bj.baidubce.com\/json-api\/v1\/crowdtest-online\/upload\/8302169_ae506a1b-c33a-4dc5-9288-f4840a991432.jpg""]",未知,P0,审核通过,2015-12-18 23:44:33,,38
0,16560746,急救快通测试,天津市|天津市|东丽区||,samsung  SM-N9008S,Android 5.0,WIFI,中国联通,LRX21V.N9008SZCUCOG2,在登录界面，选择第三方登录，选择qq登录时，第一次提示网络或服务器故障，第二次才可以登录成功，微信也是如此,在登录界面，选择第三方登录，选择qq登录时，第一次提示网络或服务器故障，第二次才可以登录成功，微信也是如此,"[""http:\/\/bos.bj.baidubce.com\/json-api\/v1\/crowdtest-online\/upload\/8302176_714ced0d-f8db-40f7-927c-983613e39fd7.jpg"",""http:\/\/bos.bj.baidubce.com\/json-api\/v1\/crowdtest-online\/upload\/8302175_36aa9ce8-bb01-4833-838e-832ebd35505a.jpg"",""http:\/\/bos.bj.baidubce.com\/json-api\/v1\/crowdtest-online\/upload\/8302174_d5ebe6dc-279b-4a0a-8c93-5bf4771b2cec.jpg"",""http:\/\/bos.bj.baidubce.com\/json-api\/v1\/crowdtest-online\/upload\/8302173_e7e6538d-f54c-41d2-81a4-ddfd4d075790.jpg"",""http:\/\/bos.bj.baidubce.com\/json-api\/v1\/crowdtest-online\/upload\/8302172_357976b3-a490-469c-913f-712de7e22bcf.jpg"",""http:\/\/bos.bj.baidubce.com\/json-api\/v1\/crowdtest-online\/upload\/8302171_d6d00590-be42-446d-9d21-9e9598b8effb.jpg"",""http:\/\/bos.bj.baidubce.com\/json-api\/v1\/crowdtest-online\/upload\/8302170_0ca66095-1d9b-4274-ab6b-ef8b2920dce2.jpg"",""http:\/\/bos.bj.baidubce.com\/json-api\/v1\/crowdtest-online\/upload\/8302169_ae506a1b-c33a-4dc5-9288-f4840a991432.jpg""]",未知,P0,审核通过,2015-12-18 23:44:45,,19
0,16560746,急救快通测试,天津市|天津市|东丽区||,samsung  SM-N9008S,Android 5.0,WIFI,中国联通,LRX21V.N9008SZCUCOG2,完善信息界面，输入身份证号码时，输入法键盘在数字和英文之间来回切换,完善信息界面，输入身份证号码时，输入法键盘在数字和英文之间来回切换，不能固定在数字键盘上,"[""http:\/\/bos.bj.baidubce.com\/json-api\/v1\/crowdtest-online\/upload\/8302176_714ced0d-f8db-40f7-927c-983613e39fd7.jpg"",""http:\/\/bos.bj.baidubce.com\/json-api\/v1\/crowdtest-online\/upload\/8302175_36aa9ce8-bb01-4833-838e-832ebd35505a.jpg"",""http:\/\/bos.bj.baidubce.com\/json-api\/v1\/crowdtest-online\/upload\/8302174_d5ebe6dc-279b-4a0a-8c93-5bf4771b2cec.jpg"",""http:\/\/bos.bj.baidubce.com\/json-api\/v1\/crowdtest-online\/upload\/8302173_e7e6538d-f54c-41d2-81a4-ddfd4d075790.jpg"",""http:\/\/bos.bj.baidubce.com\/json-api\/v1\/crowdtest-online\/upload\/8302172_357976b3-a490-469c-913f-712de7e22bcf.jpg"",""http:\/\/bos.bj.baidubce.com\/json-api\/v1\/crowdtest-online\/upload\/8302171_d6d00590-be42-446d-9d21-9e9598b8effb.jpg"",""http:\/\/bos.bj.baidubce.com\/json-api\/v1\/crowdtest-online\/upload\/8302170_0ca66095-1d9b-4274-ab6b-ef8b2920dce2.jpg"",""http:\/\/bos.bj.baidubce.com\/json-api\/v1\/crowdtest-online\/upload\/8302169_ae506a1b-c33a-4dc5-9288-f4840a991432.jpg""]",未知,P0,审核通过,2015-12-18 23:45:01,,35
0,16560746,急救快通测试,天津市|天津市|东丽区||,samsung  SM-N9008S,Android 5.0,WIFI,中国联通,LRX21V.N9008SZCUCOG2,用一手机号注册成功后，进入完善信息界面，完善信息时，提示网络或服务器错误后，再次用注册后的手机号登录时，提示未注册,用一手机号注册成功后，进入完善信息界面，完善信息时，提示网络或服务器错误后，再次用注册后的手机号登录时，提示未注册,"[""http:\/\/bos.bj.baidubce.com\/json-api\/v1\/crowdtest-online\/upload\/8302176_714ced0d-f8db-40f7-927c-983613e39fd7.jpg"",""http:\/\/bos.bj.baidubce.com\/json-api\/v1\/crowdtest-online\/upload\/8302175_36aa9ce8-bb01-4833-838e-832ebd35505a.jpg"",""http:\/\/bos.bj.baidubce.com\/json-api\/v1\/crowdtest-online\/upload\/8302174_d5ebe6dc-279b-4a0a-8c93-5bf4771b2cec.jpg"",""http:\/\/bos.bj.baidubce.com\/json-api\/v1\/crowdtest-online\/upload\/8302173_e7e6538d-f54c-41d2-81a4-ddfd4d075790.jpg"",""http:\/\/bos.bj.baidubce.com\/json-api\/v1\/crowdtest-online\/upload\/8302172_357976b3-a490-469c-913f-712de7e22bcf.jpg"",""http:\/\/bos.bj.baidubce.com\/json-api\/v1\/crowdtest-online\/upload\/8302171_d6d00590-be42-446d-9d21-9e9598b8effb.jpg"",""http:\/\/bos.bj.baidubce.com\/json-api\/v1\/crowdtest-online\/upload\/8302170_0ca66095-1d9b-4274-ab6b-ef8b2920dce2.jpg"",""http:\/\/bos.bj.baidubce.com\/json-api\/v1\/crowdtest-online\/upload\/8302169_ae506a1b-c33a-4dc5-9288-f4840a991432.jpg""]",未知,P0,审核通过,2015-12-18 23:45:18,,34
0,16560746,急救快通测试,天津市|天津市|东丽区||,samsung  SM-N9008S,Android 5.0,WIFI,中国联通,LRX21V.N9008SZCUCOG2,完善信息界面，当手机号输入00，身份证号不输入时，提示身份证号不合法,完善信息界面，当手机号输入00，身份证号不输入时，提示身份证号不合法，期望提示手机号不合法,"[""http:\/\/bos.bj.baidubce.com\/json-api\/v1\/crowdtest-online\/upload\/8302176_714ced0d-f8db-40f7-927c-983613e39fd7.jpg"",""http:\/\/bos.bj.baidubce.com\/json-api\/v1\/crowdtest-online\/upload\/8302175_36aa9ce8-bb01-4833-838e-832ebd35505a.jpg"",""http:\/\/bos.bj.baidubce.com\/json-api\/v1\/crowdtest-online\/upload\/8302174_d5ebe6dc-279b-4a0a-8c93-5bf4771b2cec.jpg"",""http:\/\/bos.bj.baidubce.com\/json-api\/v1\/crowdtest-online\/upload\/8302173_e7e6538d-f54c-41d2-81a4-ddfd4d075790.jpg"",""http:\/\/bos.bj.baidubce.com\/json-api\/v1\/crowdtest-online\/upload\/8302172_357976b3-a490-469c-913f-712de7e22bcf.jpg"",""http:\/\/bos.bj.baidubce.com\/json-api\/v1\/crowdtest-online\/upload\/8302171_d6d00590-be42-446d-9d21-9e9598b8effb.jpg"",""http:\/\/bos.bj.baidubce.com\/json-api\/v1\/crowdtest-online\/upload\/8302170_0ca66095-1d9b-4274-ab6b-ef8b2920dce2.jpg"",""http:\/\/bos.bj.baidubce.com\/json-api\/v1\/crowdtest-online\/upload\/8302169_ae506a1b-c33a-4dc5-9288-f4840a991432.jpg""]",未知,P0,审核通过,2015-12-18 23:45:33,,35
0,16566177,急救快通测试,辽宁省|本溪市|桓仁满族自治县|文化路|,Xiaomi  MI4,Android 4.3.0,WIFI,无SIM卡,L1QTW81.JXD3.QHD.S9T8H8.0401.V,"有一个建议,我个人认为,关于定位的问题,这个完全可以自动的,如果用户有安全软件就会提示一下,但你这个按钮如果用户点击的话,安全软件也会同样有这样的提示,这样设计会使用户点击了两次这样的动作,所以个人认为,是否定位的对话框,完全可以去掉.改为用户进入app后就自动利用用户的网络位置定位.不知道这样说,能明白我说的意思吧!","有一个建议,我个人认为,关于定位的问题,这个完全可以自动的,如果用户有安全软件就会提示一下,但你这个按钮如果用户点击的话,安全软件也会同样有这样的提示,这样设计会使用户点击了两次这样的动作,所以个人认为,是否定位的对话框,完全可以去掉.改为用户进入app后就自动利用用户的网络位置定位.不知道这样说,能明白我说的意思吧!","[""http:\/\/bos.bj.baidubce.com\/json-api\/v1\/crowdtest-online\/upload\/8303608_c9c535d5-28a4-41df-b128-f689547d54a7.jpg"",""http:\/\/bos.bj.baidubce.com\/json-api\/v1\/crowdtest-online\/upload\/8303607_0c702a7f-8293-4186-b53f-fb7834867a23.jpg"",""http:\/\/bos.bj.baidubce.com\/json-api\/v1\/crowdtest-online\/upload\/8303606_ecf40fef-dee0-424b-a6f4-6d5c584dc117.jpg""]",未知,P0,审核不通过,2015-12-19 09:44:10,,29
0,16566177,急救快通测试,辽宁省|本溪市|桓仁满族自治县|文化路|,Xiaomi  MI4,Android 4.3.0,WIFI,无SIM卡,L1QTW81.JXD3.QHD.S9T8H8.0401.V,"手机不可以输入小数点符号,+_*/之类的,建议设定文本框中只可以输入整数且11位.
如图的地方,应该只可以输入数字.不应该可以其它的符号,因为手机号中没有,只有纯数字","手机不可以输入小数点符号,+_*/之类的,建议设定文本框中只可以输入整数且11位.
如图的地方,应该只可以输入数字.不应该可以其它的符号,因为手机号中没有,只有纯数字","[""http:\/\/bos.bj.baidubce.com\/json-api\/v1\/crowdtest-online\/upload\/8303608_c9c535d5-28a4-41df-b128-f689547d54a7.jpg"",""http:\/\/bos.bj.baidubce.com\/json-api\/v1\/crowdtest-online\/upload\/8303607_0c702a7f-8293-4186-b53f-fb7834867a23.jpg"",""http:\/\/bos.bj.baidubce.com\/json-api\/v1\/crowdtest-online\/upload\/8303606_ecf40fef-dee0-424b-a6f4-6d5c584dc117.jpg""]",未知,P0,审核通过,2015-12-19 09:46:52,,5
0,16566198,急救快通测试,辽宁省|本溪市|桓仁满族自治县|文化路|,Xiaomi  MI4,Android 4.3.0,WIFI,无SIM卡,L1QTW81.JXD3.QHD.S9T8H8.0401.V,"打开程序后,提示有更新是否升级.我点的是否,可是下面还是提示正在下载.","打开程序后,提示有更新是否升级.我点的是否,可是下面还是提示正在下载.","[""http:\/\/bos.bj.baidubce.com\/json-api\/v1\/crowdtest-online\/upload\/8328893_862c54fd-d765-4de1-928b-e5891283b300.jpg""]",未知,P0,审核通过,2015-12-19 20:19:19,,13
0,16566224,急救快通测试,辽宁省|本溪市|桓仁满族自治县|文化路|,Xiaomi  MI4,Android 4.3.0,WIFI,无SIM卡,L1QTW81.JXD3.QHD.S9T8H8.0401.V,"我无论点升级还是不点升级,全是正在下载更新?这个得要问一下用户吧?你即然问了,为什么两个按钮都一个效果呢?","我无论点升级还是不点升级,全是正在下载更新?这个得要问一下用户吧?你即然问了,为什么两个按钮都一个效果呢?","[""http:\/\/bos.bj.baidubce.com\/json-api\/v1\/crowdtest-online\/upload\/8329519_a45929ea-ce61-4e55-bbf8-ac613d2d135b.jpg"",""http:\/\/bos.bj.baidubce.com\/json-api\/v1\/crowdtest-online\/upload\/8329518_217e280d-1751-4a0e-8389-bf12a612f7a0.jpg""]",未知,P0,审核不通过,2015-12-21 09:32:27,,13
0,16566298,急救快通测试,辽宁省|本溪市|桓仁满族自治县|文化路|,Xiaomi  MI4,Android 4.3.0,WIFI,无SIM卡,L1QTW81.JXD3.QHD.S9T8H8.0401.V,"如图的地方,应该只可以输入数字.不应该可以其它的符号,因为手机号中没有,只有纯数字","如图的地方,应该只可以输入数字.不应该可以其它的符号,因为手机号中没有,只有纯数字","[""http:\/\/bos.bj.baidubce.com\/json-api\/v1\/crowdtest-online\/upload\/8331175_41fab154-f2aa-4688-892a-8bc4b26084fe.jpg""]",未知,P0,审核不通过,2015-12-21 09:33:23,,5
0,16567470,急救快通测试,广东省|广州市|增城市|广荔路|,samsung  SM-G7109,Android 4.3,WIFI,中国电信,JLS36C.G7109KEUBOI1,下载软件之后，用手机打开软件，软件界面加载不出来。,下载软件之后，用手机打开软件，软件界面加载不出来。,"[""http:\/\/bos.bj.baidubce.com\/json-api\/v1\/crowdtest-online\/upload\/8317612_0b033d95-d5cd-47fb-8e45-9385fb5069d5.jpg"",""http:\/\/bos.bj.baidubce.com\/json-api\/v1\/crowdtest-online\/upload\/8317611_3a017a3b-6969-47cb-bd3d-a98c5fc7618c.jpg""]",未知,P0,审核通过,2015-12-19 16:51:04,,16
0,16572178,急救快通测试,辽宁省|本溪市|桓仁满族自治县|文化路|,Xiaomi  MI4,Android 4.3.0,WIFI,无SIM卡,L1QTW81.JXD3.QHD.S9T8H8.0401.V,"程序应该不可以输入小数点符号,+_*/,只可以输入整数且11位才是. 如图的地方,因为手机号中没有,只有纯数字","程序应该不可以输入小数点符号,+_*/,只可以输入整数且11位才是. 如图的地方,因为手机号中没有,只有纯数字","[""http:\/\/bos.bj.baidubce.com\/json-api\/v1\/crowdtest-online\/upload\/8332052_8451d8d7-6f2f-4a20-80a7-ce20d38dec43.jpg""]",未知,P0,审核不通过,2015-12-21 09:39:52,,5
0,16577597,急救快通测试,辽宁省|本溪市|桓仁满族自治县|文化路|,Xiaomi  MI4,Android 4.3.0,WIFI,无SIM卡,L1QTW81.JXD3.QHD.S9T8H8.0401.V,"打开app的时候,会提示升级,让你确认对吧,我们点不升级,""下次再说"",这次没什么事,但过了一会,无论当前是不是在此app页面,还会弹出这个对话框.很烦人.如图.这是在桌面上又弹出来的.","打开app的时候,会提示升级,让你确认对吧,我们点不升级,""下次再说"",这次没什么事,但过了一会,无论当前是不是在此app页面,还会弹出这个对话框.很烦人.如图.这是在桌面上又弹出来的.","[""http:\/\/bos.bj.baidubce.com\/json-api\/v1\/crowdtest-online\/upload\/8333702_ea681cca-2867-4d2e-b338-66e439835420.jpg"",""http:\/\/bos.bj.baidubce.com\/json-api\/v1\/crowdtest-online\/upload\/8333701_112bbcf5-54ee-4216-aa46-5871deddd8ce.jpg""]",未知,P0,审核通过,2015-12-21 09:47:32,,13
0,16577900,急救快通测试,辽宁省|本溪市|桓仁满族自治县|文化路|,Xiaomi  MI4,Android 4.3.0,WIFI,无SIM卡,L1QTW81.JXD3.QHD.S9T8H8.0401.V,"你这个更新的有点流氓了,测试的时候我不点更新,但我测试别的app时候,你这个更新又弹出来了,我不更新,过一会还提示!!打扰到用户了,这样的话,用户很可能就会把这个app给删了.建议改改,用户点更新,这样没问题,不点更新,不要一个劲的弹出.希望下次看见app的版本,可以去掉这烦人的更新再次提示的毛病.","你这个更新的有点流氓了,测试的时候我不点更新,但我测试别的app时候,你这个更新又弹出来了,我不更新,过一会还提示!!打扰到用户了,这样的话,用户很可能就会把这个app给删了.建议改改,用户点更新,这样没问题,不点更新,不要一个劲的弹出.希望下次看见app的版本,可以去掉这烦人的更新再次提示的毛病.",[],未知,P0,审核不通过,2015-12-21 09:47:52,,13
0,16596724,急救快通测试,广东省|东莞市|东莞市市辖区|马新路|,Huawei  HUAWEI Y635-TL00,Android 4.4.4,WIFI,中国联通,Y635-TL00V100R001C01B150,登录页面登录写成登录登陆，文字错误,打开软件-登录页面-查看页面显示-登录写成登录登陆，文字错误,"[""http:\/\/bos.bj.baidubce.com\/json-api\/v1\/crowdtest-online\/upload\/8303590_0be320ab-a020-4724-a984-7f0eab05d884.jpg"",""http:\/\/bos.bj.baidubce.com\/json-api\/v1\/crowdtest-online\/upload\/8303589_6f444023-f8c8-4220-9836-7e0d1c0281f6.jpg"",""http:\/\/bos.bj.baidubce.com\/json-api\/v1\/crowdtest-online\/upload\/8303588_77187e38-1f5a-4076-8159-bd6d742b1147.jpg"",""http:\/\/bos.bj.baidubce.com\/json-api\/v1\/crowdtest-online\/upload\/8303587_3d28e90b-f630-4523-b639-d71a0d7af2ae.jpg"",""http:\/\/bos.bj.baidubce.com\/json-api\/v1\/crowdtest-online\/upload\/8303586_57b551b2-025a-4d6d-952a-4f5ad25b3418.jpg"",""http:\/\/bos.bj.baidubce.com\/json-api\/v1\/crowdtest-online\/upload\/8303585_19ab7ec0-7505-44d6-b875-0a8e1d5a4e00.jpg"",""http:\/\/bos.bj.baidubce.com\/json-api\/v1\/crowdtest-online\/upload\/8303584_d21d75d1-b44d-4aa4-8cbc-8032ba2d2895.jpg"",""http:\/\/bos.bj.baidubce.com\/json-api\/v1\/crowdtest-online\/upload\/8303583_b93f5f02-9245-4b51-8feb-6f9e27608144.jpg"",""http:\/\/bos.bj.baidubce.com\/json-api\/v1\/crowdtest-online\/upload\/8303582_fd7ca819-3ac6-4fa6-bd73-6ca35b22008d.jpg"",""http:\/\/bos.bj.baidubce.com\/json-api\/v1\/crowdtest-online\/upload\/8303581_b43bd351-cb58-409d-9a30-03e59a0b19f3.jpg""]",未知,P0,审核通过,2015-12-19 09:42:11,,38
0,16596724,急救快通测试,广东省|东莞市|东莞市市辖区|马新路|,Huawei  HUAWEI Y635-TL00,Android 4.4.4,WIFI,中国联通,Y635-TL00V100R001C01B150,新浪微博登录失败，一直显示正在登录，网络正常,登录页面-点击新浪微博登录-进入网页版登录成功后返回到登录页面，一直加载中,"[""http:\/\/bos.bj.baidubce.com\/json-api\/v1\/crowdtest-online\/upload\/8303590_0be320ab-a020-4724-a984-7f0eab05d884.jpg"",""http:\/\/bos.bj.baidubce.com\/json-api\/v1\/crowdtest-online\/upload\/8303589_6f444023-f8c8-4220-9836-7e0d1c0281f6.jpg"",""http:\/\/bos.bj.baidubce.com\/json-api\/v1\/crowdtest-online\/upload\/8303588_77187e38-1f5a-4076-8159-bd6d742b1147.jpg"",""http:\/\/bos.bj.baidubce.com\/json-api\/v1\/crowdtest-online\/upload\/8303587_3d28e90b-f630-4523-b639-d71a0d7af2ae.jpg"",""http:\/\/bos.bj.baidubce.com\/json-api\/v1\/crowdtest-online\/upload\/8303586_57b551b2-025a-4d6d-952a-4f5ad25b3418.jpg"",""http:\/\/bos.bj.baidubce.com\/json-api\/v1\/crowdtest-online\/upload\/8303585_19ab7ec0-7505-44d6-b875-0a8e1d5a4e00.jpg"",""http:\/\/bos.bj.baidubce.com\/json-api\/v1\/crowdtest-online\/upload\/8303584_d21d75d1-b44d-4aa4-8cbc-8032ba2d2895.jpg"",""http:\/\/bos.bj.baidubce.com\/json-api\/v1\/crowdtest-online\/upload\/8303583_b93f5f02-9245-4b51-8feb-6f9e27608144.jpg"",""http:\/\/bos.bj.baidubce.com\/json-api\/v1\/crowdtest-online\/upload\/8303582_fd7ca819-3ac6-4fa6-bd73-6ca35b22008d.jpg"",""http:\/\/bos.bj.baidubce.com\/json-api\/v1\/crowdtest-online\/upload\/8303581_b43bd351-cb58-409d-9a30-03e59a0b19f3.jpg""]",未知,P0,审核通过,2015-12-19 09:42:21,,19
0,16596724,急救快通测试,广东省|东莞市|东莞市市辖区|马新路|,Huawei  HUAWEI Y635-TL00,Android 4.4.4,WIFI,中国联通,Y635-TL00V100R001C01B150,qq登录失败，提示登录失败，网络异常,进入登录页面-点击qq登录-进入授权页面-返回到登录页面，提示登录失败，网络异常,"[""http:\/\/bos.bj.baidubce.com\/json-api\/v1\/crowdtest-online\/upload\/8303590_0be320ab-a020-4724-a984-7f0eab05d884.jpg"",""http:\/\/bos.bj.baidubce.com\/json-api\/v1\/crowdtest-online\/upload\/8303589_6f444023-f8c8-4220-9836-7e0d1c0281f6.jpg"",""http:\/\/bos.bj.baidubce.com\/json-api\/v1\/crowdtest-online\/upload\/8303588_77187e38-1f5a-4076-8159-bd6d742b1147.jpg"",""http:\/\/bos.bj.baidubce.com\/json-api\/v1\/crowdtest-online\/upload\/8303587_3d28e90b-f630-4523-b639-d71a0d7af2ae.jpg"",""http:\/\/bos.bj.baidubce.com\/json-api\/v1\/crowdtest-online\/upload\/8303586_57b551b2-025a-4d6d-952a-4f5ad25b3418.jpg"",""http:\/\/bos.bj.baidubce.com\/json-api\/v1\/crowdtest-online\/upload\/8303585_19ab7ec0-7505-44d6-b875-0a8e1d5a4e00.jpg"",""http:\/\/bos.bj.baidubce.com\/json-api\/v1\/crowdtest-online\/upload\/8303584_d21d75d1-b44d-4aa4-8cbc-8032ba2d2895.jpg"",""http:\/\/bos.bj.baidubce.com\/json-api\/v1\/crowdtest-online\/upload\/8303583_b93f5f02-9245-4b51-8feb-6f9e27608144.jpg"",""http:\/\/bos.bj.baidubce.com\/json-api\/v1\/crowdtest-online\/upload\/8303582_fd7ca819-3ac6-4fa6-bd73-6ca35b22008d.jpg"",""http:\/\/bos.bj.baidubce.com\/json-api\/v1\/crowdtest-online\/upload\/8303581_b43bd351-cb58-409d-9a30-03e59a0b19f3.jpg""]",未知,P0,审核通过,2015-12-19 09:42:28,,19
0,16596724,急救快通测试,广东省|东莞市|东莞市市辖区|马新路|,Huawei  HUAWEI Y635-TL00,Android 4.4.4,WIFI,中国联通,Y635-TL00V100R001C01B150,微信登录失败，提示登录失败，网络异常,网络正常，进入登录页面-点击微信登录-进入授权页面-返回到登录页面，提示登录失败，网络异常,"[""http:\/\/bos.bj.baidubce.com\/json-api\/v1\/crowdtest-online\/upload\/8303590_0be320ab-a020-4724-a984-7f0eab05d884.jpg"",""http:\/\/bos.bj.baidubce.com\/json-api\/v1\/crowdtest-online\/upload\/8303589_6f444023-f8c8-4220-9836-7e0d1c0281f6.jpg"",""http:\/\/bos.bj.baidubce.com\/json-api\/v1\/crowdtest-online\/upload\/8303588_77187e38-1f5a-4076-8159-bd6d742b1147.jpg"",""http:\/\/bos.bj.baidubce.com\/json-api\/v1\/crowdtest-online\/upload\/8303587_3d28e90b-f630-4523-b639-d71a0d7af2ae.jpg"",""http:\/\/bos.bj.baidubce.com\/json-api\/v1\/crowdtest-online\/upload\/8303586_57b551b2-025a-4d6d-952a-4f5ad25b3418.jpg"",""http:\/\/bos.bj.baidubce.com\/json-api\/v1\/crowdtest-online\/upload\/8303585_19ab7ec0-7505-44d6-b875-0a8e1d5a4e00.jpg"",""http:\/\/bos.bj.baidubce.com\/json-api\/v1\/crowdtest-online\/upload\/8303584_d21d75d1-b44d-4aa4-8cbc-8032ba2d2895.jpg"",""http:\/\/bos.bj.baidubce.com\/json-api\/v1\/crowdtest-online\/upload\/8303583_b93f5f02-9245-4b51-8feb-6f9e27608144.jpg"",""http:\/\/bos.bj.baidubce.com\/json-api\/v1\/crowdtest-online\/upload\/8303582_fd7ca819-3ac6-4fa6-bd73-6ca35b22008d.jpg"",""http:\/\/bos.bj.baidubce.com\/json-api\/v1\/crowdtest-online\/upload\/8303581_b43bd351-cb58-409d-9a30-03e59a0b19f3.jpg""]",未知,P0,审核通过,2015-12-19 09:42:34,,19
0,16596724,急救快通测试,广东省|东莞市|东莞市市辖区|马新路|,Huawei  HUAWEI Y635-TL00,Android 4.4.4,WIFI,中国联通,Y635-TL00V100R001C01B150,完善信息页面，年龄输入后删除，右侧还显示计算好的年龄,登录成功后进入完善信息页面-在年龄一栏输入数字计算出年龄后，删除数字，年龄还显示,"[""http:\/\/bos.bj.baidubce.com\/json-api\/v1\/crowdtest-online\/upload\/8303590_0be320ab-a020-4724-a984-7f0eab05d884.jpg"",""http:\/\/bos.bj.baidubce.com\/json-api\/v1\/crowdtest-online\/upload\/8303589_6f444023-f8c8-4220-9836-7e0d1c0281f6.jpg"",""http:\/\/bos.bj.baidubce.com\/json-api\/v1\/crowdtest-online\/upload\/8303588_77187e38-1f5a-4076-8159-bd6d742b1147.jpg"",""http:\/\/bos.bj.baidubce.com\/json-api\/v1\/crowdtest-online\/upload\/8303587_3d28e90b-f630-4523-b639-d71a0d7af2ae.jpg"",""http:\/\/bos.bj.baidubce.com\/json-api\/v1\/crowdtest-online\/upload\/8303586_57b551b2-025a-4d6d-952a-4f5ad25b3418.jpg"",""http:\/\/bos.bj.baidubce.com\/json-api\/v1\/crowdtest-online\/upload\/8303585_19ab7ec0-7505-44d6-b875-0a8e1d5a4e00.jpg"",""http:\/\/bos.bj.baidubce.com\/json-api\/v1\/crowdtest-online\/upload\/8303584_d21d75d1-b44d-4aa4-8cbc-8032ba2d2895.jpg"",""http:\/\/bos.bj.baidubce.com\/json-api\/v1\/crowdtest-online\/upload\/8303583_b93f5f02-9245-4b51-8feb-6f9e27608144.jpg"",""http:\/\/bos.bj.baidubce.com\/json-api\/v1\/crowdtest-online\/upload\/8303582_fd7ca819-3ac6-4fa6-bd73-6ca35b22008d.jpg"",""http:\/\/bos.bj.baidubce.com\/json-api\/v1\/crowdtest-online\/upload\/8303581_b43bd351-cb58-409d-9a30-03e59a0b19f3.jpg""]",未知,P0,审核通过,2015-12-19 09:42:48,,1
0,16596724,急救快通测试,广东省|东莞市|东莞市市辖区|马新路|,Huawei  HUAWEI Y635-TL00,Android 4.4.4,WIFI,中国联通,Y635-TL00V100R001C01B150,关于我们页面退出登录按钮不显示，只显示一点,登录成功后进入主页，点击左侧菜单栏进入-退出登录按钮完全看不到，只能看到一点点,"[""http:\/\/bos.bj.baidubce.com\/json-api\/v1\/crowdtest-online\/upload\/8303590_0be320ab-a020-4724-a984-7f0eab05d884.jpg"",""http:\/\/bos.bj.baidubce.com\/json-api\/v1\/crowdtest-online\/upload\/8303589_6f444023-f8c8-4220-9836-7e0d1c0281f6.jpg"",""http:\/\/bos.bj.baidubce.com\/json-api\/v1\/crowdtest-online\/upload\/8303588_77187e38-1f5a-4076-8159-bd6d742b1147.jpg"",""http:\/\/bos.bj.baidubce.com\/json-api\/v1\/crowdtest-online\/upload\/8303587_3d28e90b-f630-4523-b639-d71a0d7af2ae.jpg"",""http:\/\/bos.bj.baidubce.com\/json-api\/v1\/crowdtest-online\/upload\/8303586_57b551b2-025a-4d6d-952a-4f5ad25b3418.jpg"",""http:\/\/bos.bj.baidubce.com\/json-api\/v1\/crowdtest-online\/upload\/8303585_19ab7ec0-7505-44d6-b875-0a8e1d5a4e00.jpg"",""http:\/\/bos.bj.baidubce.com\/json-api\/v1\/crowdtest-online\/upload\/8303584_d21d75d1-b44d-4aa4-8cbc-8032ba2d2895.jpg"",""http:\/\/bos.bj.baidubce.com\/json-api\/v1\/crowdtest-online\/upload\/8303583_b93f5f02-9245-4b51-8feb-6f9e27608144.jpg"",""http:\/\/bos.bj.baidubce.com\/json-api\/v1\/crowdtest-online\/upload\/8303582_fd7ca819-3ac6-4fa6-bd73-6ca35b22008d.jpg"",""http:\/\/bos.bj.baidubce.com\/json-api\/v1\/crowdtest-online\/upload\/8303581_b43bd351-cb58-409d-9a30-03e59a0b19f3.jpg""]",未知,P0,审核通过,2015-12-19 09:42:56,,37
0,16596724,急救快通测试,广东省|东莞市|东莞市市辖区|马新路|,Huawei  HUAWEI Y635-TL00,Android 4.4.4,WIFI,中国联通,Y635-TL00V100R001C01B150,主菜单页面记录查询无法进入，点击没反应,登录成功后，进入主菜单页面，点击记录查询，点击没反应，无法进入查看详情,"[""http:\/\/bos.bj.baidubce.com\/json-api\/v1\/crowdtest-online\/upload\/8303590_0be320ab-a020-4724-a984-7f0eab05d884.jpg"",""http:\/\/bos.bj.baidubce.com\/json-api\/v1\/crowdtest-online\/upload\/8303589_6f444023-f8c8-4220-9836-7e0d1c0281f6.jpg"",""http:\/\/bos.bj.baidubce.com\/json-api\/v1\/crowdtest-online\/upload\/8303588_77187e38-1f5a-4076-8159-bd6d742b1147.jpg"",""http:\/\/bos.bj.baidubce.com\/json-api\/v1\/crowdtest-online\/upload\/8303587_3d28e90b-f630-4523-b639-d71a0d7af2ae.jpg"",""http:\/\/bos.bj.baidubce.com\/json-api\/v1\/crowdtest-online\/upload\/8303586_57b551b2-025a-4d6d-952a-4f5ad25b3418.jpg"",""http:\/\/bos.bj.baidubce.com\/json-api\/v1\/crowdtest-online\/upload\/8303585_19ab7ec0-7505-44d6-b875-0a8e1d5a4e00.jpg"",""http:\/\/bos.bj.baidubce.com\/json-api\/v1\/crowdtest-online\/upload\/8303584_d21d75d1-b44d-4aa4-8cbc-8032ba2d2895.jpg"",""http:\/\/bos.bj.baidubce.com\/json-api\/v1\/crowdtest-online\/upload\/8303583_b93f5f02-9245-4b51-8feb-6f9e27608144.jpg"",""http:\/\/bos.bj.baidubce.com\/json-api\/v1\/crowdtest-online\/upload\/8303582_fd7ca819-3ac6-4fa6-bd73-6ca35b22008d.jpg"",""http:\/\/bos.bj.baidubce.com\/json-api\/v1\/crowdtest-online\/upload\/8303581_b43bd351-cb58-409d-9a30-03e59a0b19f3.jpg""]",未知,P0,审核通过,2015-12-19 09:44:23,,30
0,16596724,急救快通测试,广东省|东莞市|东莞市市辖区|马新路|,Huawei  HUAWEI Y635-TL00,Android 4.4.4,WIFI,中国联通,Y635-TL00V100R001C01B150,定位成功后再次点击定位城市不能进入选择其他城市页面，点击没反应,进入主菜单页面-点击定位-定位成功后再次点击定位的城市按钮-点击跳一下归原位，没反应，不能进入选择其他城市页面,"[""http:\/\/bos.bj.baidubce.com\/json-api\/v1\/crowdtest-online\/upload\/8303590_0be320ab-a020-4724-a984-7f0eab05d884.jpg"",""http:\/\/bos.bj.baidubce.com\/json-api\/v1\/crowdtest-online\/upload\/8303589_6f444023-f8c8-4220-9836-7e0d1c0281f6.jpg"",""http:\/\/bos.bj.baidubce.com\/json-api\/v1\/crowdtest-online\/upload\/8303588_77187e38-1f5a-4076-8159-bd6d742b1147.jpg"",""http:\/\/bos.bj.baidubce.com\/json-api\/v1\/crowdtest-online\/upload\/8303587_3d28e90b-f630-4523-b639-d71a0d7af2ae.jpg"",""http:\/\/bos.bj.baidubce.com\/json-api\/v1\/crowdtest-online\/upload\/8303586_57b551b2-025a-4d6d-952a-4f5ad25b3418.jpg"",""http:\/\/bos.bj.baidubce.com\/json-api\/v1\/crowdtest-online\/upload\/8303585_19ab7ec0-7505-44d6-b875-0a8e1d5a4e00.jpg"",""http:\/\/bos.bj.baidubce.com\/json-api\/v1\/crowdtest-online\/upload\/8303584_d21d75d1-b44d-4aa4-8cbc-8032ba2d2895.jpg"",""http:\/\/bos.bj.baidubce.com\/json-api\/v1\/crowdtest-online\/upload\/8303583_b93f5f02-9245-4b51-8feb-6f9e27608144.jpg"",""http:\/\/bos.bj.baidubce.com\/json-api\/v1\/crowdtest-online\/upload\/8303582_fd7ca819-3ac6-4fa6-bd73-6ca35b22008d.jpg"",""http:\/\/bos.bj.baidubce.com\/json-api\/v1\/crowdtest-online\/upload\/8303581_b43bd351-cb58-409d-9a30-03e59a0b19f3.jpg""]",未知,P0,审核通过,2015-12-19 09:44:30,,22
0,16596724,急救快通测试,广东省|东莞市|东莞市市辖区|马新路|,Huawei  HUAWEI Y635-TL00,Android 4.4.4,WIFI,中国联通,Y635-TL00V100R001C01B150,点击在线支付时弹出选项框，点击手机返回按钮不能退出选项框,主菜单-点击在线支付-弹出选项框后点击手机返回按钮，不能退出选项框,"[""http:\/\/bos.bj.baidubce.com\/json-api\/v1\/crowdtest-online\/upload\/8303590_0be320ab-a020-4724-a984-7f0eab05d884.jpg"",""http:\/\/bos.bj.baidubce.com\/json-api\/v1\/crowdtest-online\/upload\/8303589_6f444023-f8c8-4220-9836-7e0d1c0281f6.jpg"",""http:\/\/bos.bj.baidubce.com\/json-api\/v1\/crowdtest-online\/upload\/8303588_77187e38-1f5a-4076-8159-bd6d742b1147.jpg"",""http:\/\/bos.bj.baidubce.com\/json-api\/v1\/crowdtest-online\/upload\/8303587_3d28e90b-f630-4523-b639-d71a0d7af2ae.jpg"",""http:\/\/bos.bj.baidubce.com\/json-api\/v1\/crowdtest-online\/upload\/8303586_57b551b2-025a-4d6d-952a-4f5ad25b3418.jpg"",""http:\/\/bos.bj.baidubce.com\/json-api\/v1\/crowdtest-online\/upload\/8303585_19ab7ec0-7505-44d6-b875-0a8e1d5a4e00.jpg"",""http:\/\/bos.bj.baidubce.com\/json-api\/v1\/crowdtest-online\/upload\/8303584_d21d75d1-b44d-4aa4-8cbc-8032ba2d2895.jpg"",""http:\/\/bos.bj.baidubce.com\/json-api\/v1\/crowdtest-online\/upload\/8303583_b93f5f02-9245-4b51-8feb-6f9e27608144.jpg"",""http:\/\/bos.bj.baidubce.com\/json-api\/v1\/crowdtest-online\/upload\/8303582_fd7ca819-3ac6-4fa6-bd73-6ca35b22008d.jpg"",""http:\/\/bos.bj.baidubce.com\/json-api\/v1\/crowdtest-online\/upload\/8303581_b43bd351-cb58-409d-9a30-03e59a0b19f3.jpg""]",未知,P0,审核通过,2015-12-19 09:44:36,,17
0,16596724,急救快通测试,广东省|东莞市|东莞市市辖区|马新路|,Huawei  HUAWEI Y635-TL00,Android 4.4.4,WIFI,中国联通,Y635-TL00V100R001C01B150,在线支付时，选择支付宝或微信支付没反应,在线支付-弹出选项框-选择支付宝或微信-点击没反应，不能进入支付页面,"[""http:\/\/bos.bj.baidubce.com\/json-api\/v1\/crowdtest-online\/upload\/8303590_0be320ab-a020-4724-a984-7f0eab05d884.jpg"",""http:\/\/bos.bj.baidubce.com\/json-api\/v1\/crowdtest-online\/upload\/8303589_6f444023-f8c8-4220-9836-7e0d1c0281f6.jpg"",""http:\/\/bos.bj.baidubce.com\/json-api\/v1\/crowdtest-online\/upload\/8303588_77187e38-1f5a-4076-8159-bd6d742b1147.jpg"",""http:\/\/bos.bj.baidubce.com\/json-api\/v1\/crowdtest-online\/upload\/8303587_3d28e90b-f630-4523-b639-d71a0d7af2ae.jpg"",""http:\/\/bos.bj.baidubce.com\/json-api\/v1\/crowdtest-online\/upload\/8303586_57b551b2-025a-4d6d-952a-4f5ad25b3418.jpg"",""http:\/\/bos.bj.baidubce.com\/json-api\/v1\/crowdtest-online\/upload\/8303585_19ab7ec0-7505-44d6-b875-0a8e1d5a4e00.jpg"",""http:\/\/bos.bj.baidubce.com\/json-api\/v1\/crowdtest-online\/upload\/8303584_d21d75d1-b44d-4aa4-8cbc-8032ba2d2895.jpg"",""http:\/\/bos.bj.baidubce.com\/json-api\/v1\/crowdtest-online\/upload\/8303583_b93f5f02-9245-4b51-8feb-6f9e27608144.jpg"",""http:\/\/bos.bj.baidubce.com\/json-api\/v1\/crowdtest-online\/upload\/8303582_fd7ca819-3ac6-4fa6-bd73-6ca35b22008d.jpg"",""http:\/\/bos.bj.baidubce.com\/json-api\/v1\/crowdtest-online\/upload\/8303581_b43bd351-cb58-409d-9a30-03e59a0b19f3.jpg""]",未知,P0,审核通过,2015-12-19 09:44:41,,17
0,16596724,急救快通测试,广东省|东莞市|东莞市市辖区|马新路|,Huawei  HUAWEI Y635-TL00,Android 4.4.4,WIFI,中国联通,Y635-TL00V100R001C01B150,点击远程诊断没反应，不能进入详情页面,打开软件，进入主菜单-点击远程诊断-点击没反应，不能进入详情页面,"[""http:\/\/bos.bj.baidubce.com\/json-api\/v1\/crowdtest-online\/upload\/8303590_0be320ab-a020-4724-a984-7f0eab05d884.jpg"",""http:\/\/bos.bj.baidubce.com\/json-api\/v1\/crowdtest-online\/upload\/8303589_6f444023-f8c8-4220-9836-7e0d1c0281f6.jpg"",""http:\/\/bos.bj.baidubce.com\/json-api\/v1\/crowdtest-online\/upload\/8303588_77187e38-1f5a-4076-8159-bd6d742b1147.jpg"",""http:\/\/bos.bj.baidubce.com\/json-api\/v1\/crowdtest-online\/upload\/8303587_3d28e90b-f630-4523-b639-d71a0d7af2ae.jpg"",""http:\/\/bos.bj.baidubce.com\/json-api\/v1\/crowdtest-online\/upload\/8303586_57b551b2-025a-4d6d-952a-4f5ad25b3418.jpg"",""http:\/\/bos.bj.baidubce.com\/json-api\/v1\/crowdtest-online\/upload\/8303585_19ab7ec0-7505-44d6-b875-0a8e1d5a4e00.jpg"",""http:\/\/bos.bj.baidubce.com\/json-api\/v1\/crowdtest-online\/upload\/8303584_d21d75d1-b44d-4aa4-8cbc-8032ba2d2895.jpg"",""http:\/\/bos.bj.baidubce.com\/json-api\/v1\/crowdtest-online\/upload\/8303583_b93f5f02-9245-4b51-8feb-6f9e27608144.jpg"",""http:\/\/bos.bj.baidubce.com\/json-api\/v1\/crowdtest-online\/upload\/8303582_fd7ca819-3ac6-4fa6-bd73-6ca35b22008d.jpg"",""http:\/\/bos.bj.baidubce.com\/json-api\/v1\/crowdtest-online\/upload\/8303581_b43bd351-cb58-409d-9a30-03e59a0b19f3.jpg""]",未知,P0,审核通过,2015-12-19 09:44:47,,15
0,16596724,急救快通测试,广东省|东莞市|东莞市市辖区|马新路|,Huawei  HUAWEI Y635-TL00,Android 4.4.4,WIFI,中国联通,Y635-TL00V100R001C01B150,急求手册页面上方的轮播图片点击进入不是进入对应详情页面，而且每个轮播图片都显示一样的,点击急求手册进入详情页面，点击轮播图片进入查看详情-几个轮播图片的详情页面一样,"[""http:\/\/bos.bj.baidubce.com\/json-api\/v1\/crowdtest-online\/upload\/8303590_0be320ab-a020-4724-a984-7f0eab05d884.jpg"",""http:\/\/bos.bj.baidubce.com\/json-api\/v1\/crowdtest-online\/upload\/8303589_6f444023-f8c8-4220-9836-7e0d1c0281f6.jpg"",""http:\/\/bos.bj.baidubce.com\/json-api\/v1\/crowdtest-online\/upload\/8303588_77187e38-1f5a-4076-8159-bd6d742b1147.jpg"",""http:\/\/bos.bj.baidubce.com\/json-api\/v1\/crowdtest-online\/upload\/8303587_3d28e90b-f630-4523-b639-d71a0d7af2ae.jpg"",""http:\/\/bos.bj.baidubce.com\/json-api\/v1\/crowdtest-online\/upload\/8303586_57b551b2-025a-4d6d-952a-4f5ad25b3418.jpg"",""http:\/\/bos.bj.baidubce.com\/json-api\/v1\/crowdtest-online\/upload\/8303585_19ab7ec0-7505-44d6-b875-0a8e1d5a4e00.jpg"",""http:\/\/bos.bj.baidubce.com\/json-api\/v1\/crowdtest-online\/upload\/8303584_d21d75d1-b44d-4aa4-8cbc-8032ba2d2895.jpg"",""http:\/\/bos.bj.baidubce.com\/json-api\/v1\/crowdtest-online\/upload\/8303583_b93f5f02-9245-4b51-8feb-6f9e27608144.jpg"",""http:\/\/bos.bj.baidubce.com\/json-api\/v1\/crowdtest-online\/upload\/8303582_fd7ca819-3ac6-4fa6-bd73-6ca35b22008d.jpg"",""http:\/\/bos.bj.baidubce.com\/json-api\/v1\/crowdtest-online\/upload\/8303581_b43bd351-cb58-409d-9a30-03e59a0b19f3.jpg""]",未知,P0,审核通过,2015-12-19 09:44:52,,21
0,16596724,急救快通测试,广东省|东莞市|东莞市市辖区|马新路|,Huawei  HUAWEI Y635-TL00,Android 4.4.4,WIFI,中国联通,Y635-TL00V100R001C01B150,主菜单点击急求状态没反应,打开软件-进入主菜单-点击急救状态-点击没反应，不能进入详情页面,"[""http:\/\/bos.bj.baidubce.com\/json-api\/v1\/crowdtest-online\/upload\/8303590_0be320ab-a020-4724-a984-7f0eab05d884.jpg"",""http:\/\/bos.bj.baidubce.com\/json-api\/v1\/crowdtest-online\/upload\/8303589_6f444023-f8c8-4220-9836-7e0d1c0281f6.jpg"",""http:\/\/bos.bj.baidubce.com\/json-api\/v1\/crowdtest-online\/upload\/8303588_77187e38-1f5a-4076-8159-bd6d742b1147.jpg"",""http:\/\/bos.bj.baidubce.com\/json-api\/v1\/crowdtest-online\/upload\/8303587_3d28e90b-f630-4523-b639-d71a0d7af2ae.jpg"",""http:\/\/bos.bj.baidubce.com\/json-api\/v1\/crowdtest-online\/upload\/8303586_57b551b2-025a-4d6d-952a-4f5ad25b3418.jpg"",""http:\/\/bos.bj.baidubce.com\/json-api\/v1\/crowdtest-online\/upload\/8303585_19ab7ec0-7505-44d6-b875-0a8e1d5a4e00.jpg"",""http:\/\/bos.bj.baidubce.com\/json-api\/v1\/crowdtest-online\/upload\/8303584_d21d75d1-b44d-4aa4-8cbc-8032ba2d2895.jpg"",""http:\/\/bos.bj.baidubce.com\/json-api\/v1\/crowdtest-online\/upload\/8303583_b93f5f02-9245-4b51-8feb-6f9e27608144.jpg"",""http:\/\/bos.bj.baidubce.com\/json-api\/v1\/crowdtest-online\/upload\/8303582_fd7ca819-3ac6-4fa6-bd73-6ca35b22008d.jpg"",""http:\/\/bos.bj.baidubce.com\/json-api\/v1\/crowdtest-online\/upload\/8303581_b43bd351-cb58-409d-9a30-03e59a0b19f3.jpg""]",未知,P0,审核通过,2015-12-19 09:44:59,,24
0,16596724,急救快通测试,广东省|东莞市|东莞市市辖区|马新路|,Huawei  HUAWEI Y635-TL00,Android 4.4.4,WIFI,中国联通,Y635-TL00V100R001C01B150,地理位置页面点击左下角的红色图标点击拍照没反应,主菜单-地理位置-点击左下角的红色图标-点击拍照按钮，点击没反应,"[""http:\/\/bos.bj.baidubce.com\/json-api\/v1\/crowdtest-online\/upload\/8303590_0be320ab-a020-4724-a984-7f0eab05d884.jpg"",""http:\/\/bos.bj.baidubce.com\/json-api\/v1\/crowdtest-online\/upload\/8303589_6f444023-f8c8-4220-9836-7e0d1c0281f6.jpg"",""http:\/\/bos.bj.baidubce.com\/json-api\/v1\/crowdtest-online\/upload\/8303588_77187e38-1f5a-4076-8159-bd6d742b1147.jpg"",""http:\/\/bos.bj.baidubce.com\/json-api\/v1\/crowdtest-online\/upload\/8303587_3d28e90b-f630-4523-b639-d71a0d7af2ae.jpg"",""http:\/\/bos.bj.baidubce.com\/json-api\/v1\/crowdtest-online\/upload\/8303586_57b551b2-025a-4d6d-952a-4f5ad25b3418.jpg"",""http:\/\/bos.bj.baidubce.com\/json-api\/v1\/crowdtest-online\/upload\/8303585_19ab7ec0-7505-44d6-b875-0a8e1d5a4e00.jpg"",""http:\/\/bos.bj.baidubce.com\/json-api\/v1\/crowdtest-online\/upload\/8303584_d21d75d1-b44d-4aa4-8cbc-8032ba2d2895.jpg"",""http:\/\/bos.bj.baidubce.com\/json-api\/v1\/crowdtest-online\/upload\/8303583_b93f5f02-9245-4b51-8feb-6f9e27608144.jpg"",""http:\/\/bos.bj.baidubce.com\/json-api\/v1\/crowdtest-online\/upload\/8303582_fd7ca819-3ac6-4fa6-bd73-6ca35b22008d.jpg"",""http:\/\/bos.bj.baidubce.com\/json-api\/v1\/crowdtest-online\/upload\/8303581_b43bd351-cb58-409d-9a30-03e59a0b19f3.jpg""]",未知,P0,审核通过,2015-12-19 09:45:05,,10
0,16596724,急救快通测试,广东省|东莞市|东莞市市辖区|马新路|,Huawei  HUAWEI Y635-TL00,Android 4.4.4,WIFI,中国联通,Y635-TL00V100R001C01B150,地理位置页面长按录失败，不显示说话进度时间，长按录音没反应,地理位置页面长按录失败，不显示说话进度时间，长按录音没反应,"[""http:\/\/bos.bj.baidubce.com\/json-api\/v1\/crowdtest-online\/upload\/8303590_0be320ab-a020-4724-a984-7f0eab05d884.jpg"",""http:\/\/bos.bj.baidubce.com\/json-api\/v1\/crowdtest-online\/upload\/8303589_6f444023-f8c8-4220-9836-7e0d1c0281f6.jpg"",""http:\/\/bos.bj.baidubce.com\/json-api\/v1\/crowdtest-online\/upload\/8303588_77187e38-1f5a-4076-8159-bd6d742b1147.jpg"",""http:\/\/bos.bj.baidubce.com\/json-api\/v1\/crowdtest-online\/upload\/8303587_3d28e90b-f630-4523-b639-d71a0d7af2ae.jpg"",""http:\/\/bos.bj.baidubce.com\/json-api\/v1\/crowdtest-online\/upload\/8303586_57b551b2-025a-4d6d-952a-4f5ad25b3418.jpg"",""http:\/\/bos.bj.baidubce.com\/json-api\/v1\/crowdtest-online\/upload\/8303585_19ab7ec0-7505-44d6-b875-0a8e1d5a4e00.jpg"",""http:\/\/bos.bj.baidubce.com\/json-api\/v1\/crowdtest-online\/upload\/8303584_d21d75d1-b44d-4aa4-8cbc-8032ba2d2895.jpg"",""http:\/\/bos.bj.baidubce.com\/json-api\/v1\/crowdtest-online\/upload\/8303583_b93f5f02-9245-4b51-8feb-6f9e27608144.jpg"",""http:\/\/bos.bj.baidubce.com\/json-api\/v1\/crowdtest-online\/upload\/8303582_fd7ca819-3ac6-4fa6-bd73-6ca35b22008d.jpg"",""http:\/\/bos.bj.baidubce.com\/json-api\/v1\/crowdtest-online\/upload\/8303581_b43bd351-cb58-409d-9a30-03e59a0b19f3.jpg""]",未知,P0,审核通过,2015-12-19 09:43:03,,14
0,16596724,急救快通测试,广东省|东莞市|东莞市市辖区|马新路|,Huawei  HUAWEI Y635-TL00,Android 4.4.4,WIFI,中国联通,Y635-TL00V100R001C01B150,录音后再点击地图页面，系统崩溃无响应,进入地理位置页面-点击左下角的红色图标-点击录音-录音没反应，点击手机返回键，系统崩溃,"[""http:\/\/bos.bj.baidubce.com\/json-api\/v1\/crowdtest-online\/upload\/8303590_0be320ab-a020-4724-a984-7f0eab05d884.jpg"",""http:\/\/bos.bj.baidubce.com\/json-api\/v1\/crowdtest-online\/upload\/8303589_6f444023-f8c8-4220-9836-7e0d1c0281f6.jpg"",""http:\/\/bos.bj.baidubce.com\/json-api\/v1\/crowdtest-online\/upload\/8303588_77187e38-1f5a-4076-8159-bd6d742b1147.jpg"",""http:\/\/bos.bj.baidubce.com\/json-api\/v1\/crowdtest-online\/upload\/8303587_3d28e90b-f630-4523-b639-d71a0d7af2ae.jpg"",""http:\/\/bos.bj.baidubce.com\/json-api\/v1\/crowdtest-online\/upload\/8303586_57b551b2-025a-4d6d-952a-4f5ad25b3418.jpg"",""http:\/\/bos.bj.baidubce.com\/json-api\/v1\/crowdtest-online\/upload\/8303585_19ab7ec0-7505-44d6-b875-0a8e1d5a4e00.jpg"",""http:\/\/bos.bj.baidubce.com\/json-api\/v1\/crowdtest-online\/upload\/8303584_d21d75d1-b44d-4aa4-8cbc-8032ba2d2895.jpg"",""http:\/\/bos.bj.baidubce.com\/json-api\/v1\/crowdtest-online\/upload\/8303583_b93f5f02-9245-4b51-8feb-6f9e27608144.jpg"",""http:\/\/bos.bj.baidubce.com\/json-api\/v1\/crowdtest-online\/upload\/8303582_fd7ca819-3ac6-4fa6-bd73-6ca35b22008d.jpg"",""http:\/\/bos.bj.baidubce.com\/json-api\/v1\/crowdtest-online\/upload\/8303581_b43bd351-cb58-409d-9a30-03e59a0b19f3.jpg""]",未知,P0,审核通过,2015-12-19 09:45:11,,14
0,16596724,急救快通测试,广东省|东莞市|东莞市市辖区|马新路|,Huawei  HUAWEI Y635-TL00,Android 4.4.4,WIFI,中国联通,Y635-TL00V100R001C01B150,地理位置页面点击左下角的红色图标，点击位置按钮没反应,地理位置页面点击左下角的红色图标，点击位置按钮没反应,"[""http:\/\/bos.bj.baidubce.com\/json-api\/v1\/crowdtest-online\/upload\/8303590_0be320ab-a020-4724-a984-7f0eab05d884.jpg"",""http:\/\/bos.bj.baidubce.com\/json-api\/v1\/crowdtest-online\/upload\/8303589_6f444023-f8c8-4220-9836-7e0d1c0281f6.jpg"",""http:\/\/bos.bj.baidubce.com\/json-api\/v1\/crowdtest-online\/upload\/8303588_77187e38-1f5a-4076-8159-bd6d742b1147.jpg"",""http:\/\/bos.bj.baidubce.com\/json-api\/v1\/crowdtest-online\/upload\/8303587_3d28e90b-f630-4523-b639-d71a0d7af2ae.jpg"",""http:\/\/bos.bj.baidubce.com\/json-api\/v1\/crowdtest-online\/upload\/8303586_57b551b2-025a-4d6d-952a-4f5ad25b3418.jpg"",""http:\/\/bos.bj.baidubce.com\/json-api\/v1\/crowdtest-online\/upload\/8303585_19ab7ec0-7505-44d6-b875-0a8e1d5a4e00.jpg"",""http:\/\/bos.bj.baidubce.com\/json-api\/v1\/crowdtest-online\/upload\/8303584_d21d75d1-b44d-4aa4-8cbc-8032ba2d2895.jpg"",""http:\/\/bos.bj.baidubce.com\/json-api\/v1\/crowdtest-online\/upload\/8303583_b93f5f02-9245-4b51-8feb-6f9e27608144.jpg"",""http:\/\/bos.bj.baidubce.com\/json-api\/v1\/crowdtest-online\/upload\/8303582_fd7ca819-3ac6-4fa6-bd73-6ca35b22008d.jpg"",""http:\/\/bos.bj.baidubce.com\/json-api\/v1\/crowdtest-online\/upload\/8303581_b43bd351-cb58-409d-9a30-03e59a0b19f3.jpg""]",未知,P0,审核通过,2015-12-19 09:45:20,,10
0,16596724,急救快通测试,广东省|东莞市|东莞市市辖区|马新路|,Huawei  HUAWEI Y635-TL00,Android 4.4.4,WIFI,中国联通,Y635-TL00V100R001C01B150,诊疗卡页面，点击新增，什么都不输入点击绑定，返回页面错误，然后还可以重复添加多个同样的诊疗卡,诊疗卡页面，点击新增，什么都不输入点击绑定，返回页面错误，然后还可以重复添加多个同样的诊疗卡,"[""http:\/\/bos.bj.baidubce.com\/json-api\/v1\/crowdtest-online\/upload\/8303590_0be320ab-a020-4724-a984-7f0eab05d884.jpg"",""http:\/\/bos.bj.baidubce.com\/json-api\/v1\/crowdtest-online\/upload\/8303589_6f444023-f8c8-4220-9836-7e0d1c0281f6.jpg"",""http:\/\/bos.bj.baidubce.com\/json-api\/v1\/crowdtest-online\/upload\/8303588_77187e38-1f5a-4076-8159-bd6d742b1147.jpg"",""http:\/\/bos.bj.baidubce.com\/json-api\/v1\/crowdtest-online\/upload\/8303587_3d28e90b-f630-4523-b639-d71a0d7af2ae.jpg"",""http:\/\/bos.bj.baidubce.com\/json-api\/v1\/crowdtest-online\/upload\/8303586_57b551b2-025a-4d6d-952a-4f5ad25b3418.jpg"",""http:\/\/bos.bj.baidubce.com\/json-api\/v1\/crowdtest-online\/upload\/8303585_19ab7ec0-7505-44d6-b875-0a8e1d5a4e00.jpg"",""http:\/\/bos.bj.baidubce.com\/json-api\/v1\/crowdtest-online\/upload\/8303584_d21d75d1-b44d-4aa4-8cbc-8032ba2d2895.jpg"",""http:\/\/bos.bj.baidubce.com\/json-api\/v1\/crowdtest-online\/upload\/8303583_b93f5f02-9245-4b51-8feb-6f9e27608144.jpg"",""http:\/\/bos.bj.baidubce.com\/json-api\/v1\/crowdtest-online\/upload\/8303582_fd7ca819-3ac6-4fa6-bd73-6ca35b22008d.jpg"",""http:\/\/bos.bj.baidubce.com\/json-api\/v1\/crowdtest-online\/upload\/8303581_b43bd351-cb58-409d-9a30-03e59a0b19f3.jpg""]",未知,P0,审核通过,2015-12-19 09:45:31,,25
0,16596724,急救快通测试,广东省|东莞市|东莞市市辖区|马新路|,Huawei  HUAWEI Y635-TL00,Android 4.4.4,WIFI,中国联通,Y635-TL00V100R001C01B150,急救手册详情页面的分享按钮点击没反应,点击主菜单-急求手册-随便点击任意一个常识进入详情页面-点击右上角的分享按钮-点击没反应,"[""http:\/\/bos.bj.baidubce.com\/json-api\/v1\/crowdtest-online\/upload\/8303590_0be320ab-a020-4724-a984-7f0eab05d884.jpg"",""http:\/\/bos.bj.baidubce.com\/json-api\/v1\/crowdtest-online\/upload\/8303589_6f444023-f8c8-4220-9836-7e0d1c0281f6.jpg"",""http:\/\/bos.bj.baidubce.com\/json-api\/v1\/crowdtest-online\/upload\/8303588_77187e38-1f5a-4076-8159-bd6d742b1147.jpg"",""http:\/\/bos.bj.baidubce.com\/json-api\/v1\/crowdtest-online\/upload\/8303587_3d28e90b-f630-4523-b639-d71a0d7af2ae.jpg"",""http:\/\/bos.bj.baidubce.com\/json-api\/v1\/crowdtest-online\/upload\/8303586_57b551b2-025a-4d6d-952a-4f5ad25b3418.jpg"",""http:\/\/bos.bj.baidubce.com\/json-api\/v1\/crowdtest-online\/upload\/8303585_19ab7ec0-7505-44d6-b875-0a8e1d5a4e00.jpg"",""http:\/\/bos.bj.baidubce.com\/json-api\/v1\/crowdtest-online\/upload\/8303584_d21d75d1-b44d-4aa4-8cbc-8032ba2d2895.jpg"",""http:\/\/bos.bj.baidubce.com\/json-api\/v1\/crowdtest-online\/upload\/8303583_b93f5f02-9245-4b51-8feb-6f9e27608144.jpg"",""http:\/\/bos.bj.baidubce.com\/json-api\/v1\/crowdtest-online\/upload\/8303582_fd7ca819-3ac6-4fa6-bd73-6ca35b22008d.jpg"",""http:\/\/bos.bj.baidubce.com\/json-api\/v1\/crowdtest-online\/upload\/8303581_b43bd351-cb58-409d-9a30-03e59a0b19f3.jpg""]",未知,P0,审核通过,2015-12-19 09:45:48,,40
0,16596724,急救快通测试,广东省|东莞市|东莞市市辖区|马新路|,Huawei  HUAWEI Y635-TL00,Android 4.4.4,WIFI,中国联通,Y635-TL00V100R001C01B150,附近医院页面与地理位置页面左上角均没有返回按钮，必须点击手机返回键才能返回,进入附近医院页面与地理位置页面左上角均没有返回按钮，必须点击手机返回键才能返回,"[""http:\/\/bos.bj.baidubce.com\/json-api\/v1\/crowdtest-online\/upload\/8303590_0be320ab-a020-4724-a984-7f0eab05d884.jpg"",""http:\/\/bos.bj.baidubce.com\/json-api\/v1\/crowdtest-online\/upload\/8303589_6f444023-f8c8-4220-9836-7e0d1c0281f6.jpg"",""http:\/\/bos.bj.baidubce.com\/json-api\/v1\/crowdtest-online\/upload\/8303588_77187e38-1f5a-4076-8159-bd6d742b1147.jpg"",""http:\/\/bos.bj.baidubce.com\/json-api\/v1\/crowdtest-online\/upload\/8303587_3d28e90b-f630-4523-b639-d71a0d7af2ae.jpg"",""http:\/\/bos.bj.baidubce.com\/json-api\/v1\/crowdtest-online\/upload\/8303586_57b551b2-025a-4d6d-952a-4f5ad25b3418.jpg"",""http:\/\/bos.bj.baidubce.com\/json-api\/v1\/crowdtest-online\/upload\/8303585_19ab7ec0-7505-44d6-b875-0a8e1d5a4e00.jpg"",""http:\/\/bos.bj.baidubce.com\/json-api\/v1\/crowdtest-online\/upload\/8303584_d21d75d1-b44d-4aa4-8cbc-8032ba2d2895.jpg"",""http:\/\/bos.bj.baidubce.com\/json-api\/v1\/crowdtest-online\/upload\/8303583_b93f5f02-9245-4b51-8feb-6f9e27608144.jpg"",""http:\/\/bos.bj.baidubce.com\/json-api\/v1\/crowdtest-online\/upload\/8303582_fd7ca819-3ac6-4fa6-bd73-6ca35b22008d.jpg"",""http:\/\/bos.bj.baidubce.com\/json-api\/v1\/crowdtest-online\/upload\/8303581_b43bd351-cb58-409d-9a30-03e59a0b19f3.jpg""]",未知,P0,审核通过,2015-12-19 09:45:57,,31
0,16596724,急救快通测试,广东省|东莞市|东莞市市辖区|马新路|,Huawei  HUAWEI Y635-TL00,Android 4.4.4,WIFI,中国联通,Y635-TL00V100R001C01B150,分享到新浪微博失败，访问出错,主菜单-左侧菜单栏-个人信息页面-点击应用分享-分享到新浪微博-分享失败，提示访问页面错误,"[""http:\/\/bos.bj.baidubce.com\/json-api\/v1\/crowdtest-online\/upload\/8303590_0be320ab-a020-4724-a984-7f0eab05d884.jpg"",""http:\/\/bos.bj.baidubce.com\/json-api\/v1\/crowdtest-online\/upload\/8303589_6f444023-f8c8-4220-9836-7e0d1c0281f6.jpg"",""http:\/\/bos.bj.baidubce.com\/json-api\/v1\/crowdtest-online\/upload\/8303588_77187e38-1f5a-4076-8159-bd6d742b1147.jpg"",""http:\/\/bos.bj.baidubce.com\/json-api\/v1\/crowdtest-online\/upload\/8303587_3d28e90b-f630-4523-b639-d71a0d7af2ae.jpg"",""http:\/\/bos.bj.baidubce.com\/json-api\/v1\/crowdtest-online\/upload\/8303586_57b551b2-025a-4d6d-952a-4f5ad25b3418.jpg"",""http:\/\/bos.bj.baidubce.com\/json-api\/v1\/crowdtest-online\/upload\/8303585_19ab7ec0-7505-44d6-b875-0a8e1d5a4e00.jpg"",""http:\/\/bos.bj.baidubce.com\/json-api\/v1\/crowdtest-online\/upload\/8303584_d21d75d1-b44d-4aa4-8cbc-8032ba2d2895.jpg"",""http:\/\/bos.bj.baidubce.com\/json-api\/v1\/crowdtest-online\/upload\/8303583_b93f5f02-9245-4b51-8feb-6f9e27608144.jpg"",""http:\/\/bos.bj.baidubce.com\/json-api\/v1\/crowdtest-online\/upload\/8303582_fd7ca819-3ac6-4fa6-bd73-6ca35b22008d.jpg"",""http:\/\/bos.bj.baidubce.com\/json-api\/v1\/crowdtest-online\/upload\/8303581_b43bd351-cb58-409d-9a30-03e59a0b19f3.jpg""]",未知,P0,审核通过,2015-12-19 09:46:04,,3
0,16596724,急救快通测试,广东省|东莞市|东莞市市辖区|马新路|,Huawei  HUAWEI Y635-TL00,Android 4.4.4,WIFI,中国联通,Y635-TL00V100R001C01B150,退出登录后直接退了软件，正常应该只是退出登录，但仍在软件页面上运行,退出登录后直接退了软件，正常应该只是退出登录，但仍在软件页面上运行,"[""http:\/\/bos.bj.baidubce.com\/json-api\/v1\/crowdtest-online\/upload\/8303590_0be320ab-a020-4724-a984-7f0eab05d884.jpg"",""http:\/\/bos.bj.baidubce.com\/json-api\/v1\/crowdtest-online\/upload\/8303589_6f444023-f8c8-4220-9836-7e0d1c0281f6.jpg"",""http:\/\/bos.bj.baidubce.com\/json-api\/v1\/crowdtest-online\/upload\/8303588_77187e38-1f5a-4076-8159-bd6d742b1147.jpg"",""http:\/\/bos.bj.baidubce.com\/json-api\/v1\/crowdtest-online\/upload\/8303587_3d28e90b-f630-4523-b639-d71a0d7af2ae.jpg"",""http:\/\/bos.bj.baidubce.com\/json-api\/v1\/crowdtest-online\/upload\/8303586_57b551b2-025a-4d6d-952a-4f5ad25b3418.jpg"",""http:\/\/bos.bj.baidubce.com\/json-api\/v1\/crowdtest-online\/upload\/8303585_19ab7ec0-7505-44d6-b875-0a8e1d5a4e00.jpg"",""http:\/\/bos.bj.baidubce.com\/json-api\/v1\/crowdtest-online\/upload\/8303584_d21d75d1-b44d-4aa4-8cbc-8032ba2d2895.jpg"",""http:\/\/bos.bj.baidubce.com\/json-api\/v1\/crowdtest-online\/upload\/8303583_b93f5f02-9245-4b51-8feb-6f9e27608144.jpg"",""http:\/\/bos.bj.baidubce.com\/json-api\/v1\/crowdtest-online\/upload\/8303582_fd7ca819-3ac6-4fa6-bd73-6ca35b22008d.jpg"",""http:\/\/bos.bj.baidubce.com\/json-api\/v1\/crowdtest-online\/upload\/8303581_b43bd351-cb58-409d-9a30-03e59a0b19f3.jpg""]",未知,P0,审核通过,2015-12-19 09:46:14,,37
0,16596724,急救快通测试,广东省|东莞市|东莞市市辖区|马新路|,Huawei  HUAWEI Y635-TL00,Android 4.4.4,WIFI,中国联通,Y635-TL00V100R001C01B150,未登录时点击左侧栏，点击请登录，点击没反应，期望结果：点击请登录应进入登录页面,未登录时点击左侧栏-点击请登录，点击没反应，点击请登录应进入登录页面,"[""http:\/\/bos.bj.baidubce.com\/json-api\/v1\/crowdtest-online\/upload\/8303590_0be320ab-a020-4724-a984-7f0eab05d884.jpg"",""http:\/\/bos.bj.baidubce.com\/json-api\/v1\/crowdtest-online\/upload\/8303589_6f444023-f8c8-4220-9836-7e0d1c0281f6.jpg"",""http:\/\/bos.bj.baidubce.com\/json-api\/v1\/crowdtest-online\/upload\/8303588_77187e38-1f5a-4076-8159-bd6d742b1147.jpg"",""http:\/\/bos.bj.baidubce.com\/json-api\/v1\/crowdtest-online\/upload\/8303587_3d28e90b-f630-4523-b639-d71a0d7af2ae.jpg"",""http:\/\/bos.bj.baidubce.com\/json-api\/v1\/crowdtest-online\/upload\/8303586_57b551b2-025a-4d6d-952a-4f5ad25b3418.jpg"",""http:\/\/bos.bj.baidubce.com\/json-api\/v1\/crowdtest-online\/upload\/8303585_19ab7ec0-7505-44d6-b875-0a8e1d5a4e00.jpg"",""http:\/\/bos.bj.baidubce.com\/json-api\/v1\/crowdtest-online\/upload\/8303584_d21d75d1-b44d-4aa4-8cbc-8032ba2d2895.jpg"",""http:\/\/bos.bj.baidubce.com\/json-api\/v1\/crowdtest-online\/upload\/8303583_b93f5f02-9245-4b51-8feb-6f9e27608144.jpg"",""http:\/\/bos.bj.baidubce.com\/json-api\/v1\/crowdtest-online\/upload\/8303582_fd7ca819-3ac6-4fa6-bd73-6ca35b22008d.jpg"",""http:\/\/bos.bj.baidubce.com\/json-api\/v1\/crowdtest-online\/upload\/8303581_b43bd351-cb58-409d-9a30-03e59a0b19f3.jpg""]",未知,P0,审核通过,2015-12-19 09:46:27,,38
0,16596724,急救快通测试,广东省|东莞市|东莞市市辖区|马新路|,Huawei  HUAWEI Y635-TL00,Android 4.4.4,WIFI,中国联通,Y635-TL00V100R001C01B150,分享到微信好友后点击返回app，系统提示无响应,左侧栏-点击应用分享-分享到微信-分享成功后点击返回app-系统崩溃,"[""http:\/\/bos.bj.baidubce.com\/json-api\/v1\/crowdtest-online\/upload\/8303590_0be320ab-a020-4724-a984-7f0eab05d884.jpg"",""http:\/\/bos.bj.baidubce.com\/json-api\/v1\/crowdtest-online\/upload\/8303589_6f444023-f8c8-4220-9836-7e0d1c0281f6.jpg"",""http:\/\/bos.bj.baidubce.com\/json-api\/v1\/crowdtest-online\/upload\/8303588_77187e38-1f5a-4076-8159-bd6d742b1147.jpg"",""http:\/\/bos.bj.baidubce.com\/json-api\/v1\/crowdtest-online\/upload\/8303587_3d28e90b-f630-4523-b639-d71a0d7af2ae.jpg"",""http:\/\/bos.bj.baidubce.com\/json-api\/v1\/crowdtest-online\/upload\/8303586_57b551b2-025a-4d6d-952a-4f5ad25b3418.jpg"",""http:\/\/bos.bj.baidubce.com\/json-api\/v1\/crowdtest-online\/upload\/8303585_19ab7ec0-7505-44d6-b875-0a8e1d5a4e00.jpg"",""http:\/\/bos.bj.baidubce.com\/json-api\/v1\/crowdtest-online\/upload\/8303584_d21d75d1-b44d-4aa4-8cbc-8032ba2d2895.jpg"",""http:\/\/bos.bj.baidubce.com\/json-api\/v1\/crowdtest-online\/upload\/8303583_b93f5f02-9245-4b51-8feb-6f9e27608144.jpg"",""http:\/\/bos.bj.baidubce.com\/json-api\/v1\/crowdtest-online\/upload\/8303582_fd7ca819-3ac6-4fa6-bd73-6ca35b22008d.jpg"",""http:\/\/bos.bj.baidubce.com\/json-api\/v1\/crowdtest-online\/upload\/8303581_b43bd351-cb58-409d-9a30-03e59a0b19f3.jpg""]",未知,P0,审核通过,2015-12-19 09:46:35,,32
0,16597655,急救快通测试,江西省|南昌市|南昌县|瑶湖西三路|,Xiaomi  HM 1SC,Android 4.3,WIFI,中国电信,JLS36C,点击左上角编辑年龄 编号和所在地 无法点击进去,"1打开app
2成功登录
3进入首页——点击左上角——点击年龄 编号和所在地","[""http:\/\/bos.bj.baidubce.com\/json-api\/v1\/crowdtest-online\/upload\/8319808_cd5dddaf-6abe-418c-9d66-097a123d9ac4.jpg"",""http:\/\/bos.bj.baidubce.com\/json-api\/v1\/crowdtest-online\/upload\/8319807_ea098fa5-75fd-488e-91f6-8b68e9d104de.jpg"",""http:\/\/bos.bj.baidubce.com\/json-api\/v1\/crowdtest-online\/upload\/8319806_ec8c878b-3e2f-408f-bbb6-4b07206097c2.jpg"",""http:\/\/bos.bj.baidubce.com\/json-api\/v1\/crowdtest-online\/upload\/8319805_b54c246e-fb7e-42b1-8571-e7c5fcc4b7a8.jpg"",""http:\/\/bos.bj.baidubce.com\/json-api\/v1\/crowdtest-online\/upload\/8319804_c7367b53-649e-4acf-8230-3aa92a9c9a50.jpg"",""http:\/\/bos.bj.baidubce.com\/json-api\/v1\/crowdtest-online\/upload\/8319803_578737ac-b8ac-4bc9-b2f6-138ad81ee554.jpg"",""http:\/\/bos.bj.baidubce.com\/json-api\/v1\/crowdtest-online\/upload\/8319802_a815a7ba-6f8c-4015-8587-e758709da940.jpg"",""http:\/\/bos.bj.baidubce.com\/json-api\/v1\/crowdtest-online\/upload\/8319801_1c67a04b-aec5-483a-be95-adc47ed44963.jpg""]",未知,P0,审核通过,2015-12-19 16:45:06,,4
0,16597655,急救快通测试,江西省|南昌市|南昌县|瑶湖西三路|,Xiaomi  HM 1SC,Android 4.3,WIFI,中国电信,JLS36C,增加诊疗卡时将医院名称和医保卡号填为000也能保存成功,"1打开app
2成功登录
3进入首页——点击诊疗卡——新增——填写信息","[""http:\/\/bos.bj.baidubce.com\/json-api\/v1\/crowdtest-online\/upload\/8319808_cd5dddaf-6abe-418c-9d66-097a123d9ac4.jpg"",""http:\/\/bos.bj.baidubce.com\/json-api\/v1\/crowdtest-online\/upload\/8319807_ea098fa5-75fd-488e-91f6-8b68e9d104de.jpg"",""http:\/\/bos.bj.baidubce.com\/json-api\/v1\/crowdtest-online\/upload\/8319806_ec8c878b-3e2f-408f-bbb6-4b07206097c2.jpg"",""http:\/\/bos.bj.baidubce.com\/json-api\/v1\/crowdtest-online\/upload\/8319805_b54c246e-fb7e-42b1-8571-e7c5fcc4b7a8.jpg"",""http:\/\/bos.bj.baidubce.com\/json-api\/v1\/crowdtest-online\/upload\/8319804_c7367b53-649e-4acf-8230-3aa92a9c9a50.jpg"",""http:\/\/bos.bj.baidubce.com\/json-api\/v1\/crowdtest-online\/upload\/8319803_578737ac-b8ac-4bc9-b2f6-138ad81ee554.jpg"",""http:\/\/bos.bj.baidubce.com\/json-api\/v1\/crowdtest-online\/upload\/8319802_a815a7ba-6f8c-4015-8587-e758709da940.jpg"",""http:\/\/bos.bj.baidubce.com\/json-api\/v1\/crowdtest-online\/upload\/8319801_1c67a04b-aec5-483a-be95-adc47ed44963.jpg""]",未知,P0,审核不通过,2015-12-19 16:47:58,,25
0,16597655,急救快通测试,江西省|南昌市|南昌县|瑶湖西三路|,Xiaomi  HM 1SC,Android 4.3,WIFI,中国电信,JLS36C,首页中点击急救状态没有反应,"1打开app
2成功登录
3进入首页——点击急救状态","[""http:\/\/bos.bj.baidubce.com\/json-api\/v1\/crowdtest-online\/upload\/8319808_cd5dddaf-6abe-418c-9d66-097a123d9ac4.jpg"",""http:\/\/bos.bj.baidubce.com\/json-api\/v1\/crowdtest-online\/upload\/8319807_ea098fa5-75fd-488e-91f6-8b68e9d104de.jpg"",""http:\/\/bos.bj.baidubce.com\/json-api\/v1\/crowdtest-online\/upload\/8319806_ec8c878b-3e2f-408f-bbb6-4b07206097c2.jpg"",""http:\/\/bos.bj.baidubce.com\/json-api\/v1\/crowdtest-online\/upload\/8319805_b54c246e-fb7e-42b1-8571-e7c5fcc4b7a8.jpg"",""http:\/\/bos.bj.baidubce.com\/json-api\/v1\/crowdtest-online\/upload\/8319804_c7367b53-649e-4acf-8230-3aa92a9c9a50.jpg"",""http:\/\/bos.bj.baidubce.com\/json-api\/v1\/crowdtest-online\/upload\/8319803_578737ac-b8ac-4bc9-b2f6-138ad81ee554.jpg"",""http:\/\/bos.bj.baidubce.com\/json-api\/v1\/crowdtest-online\/upload\/8319802_a815a7ba-6f8c-4015-8587-e758709da940.jpg"",""http:\/\/bos.bj.baidubce.com\/json-api\/v1\/crowdtest-online\/upload\/8319801_1c67a04b-aec5-483a-be95-adc47ed44963.jpg""]",未知,P0,审核通过,2015-12-19 16:47:38,,24
0,16597655,急救快通测试,江西省|南昌市|南昌县|瑶湖西三路|,Xiaomi  HM 1SC,Android 4.3,WIFI,中国电信,JLS36C,在地理位置模块中左下角的里面的选项无法使用,"1打开app
2成功登录
3进入首页——地理位置——点击左下角小标图点击里面的选项","[""http:\/\/bos.bj.baidubce.com\/json-api\/v1\/crowdtest-online\/upload\/8319808_cd5dddaf-6abe-418c-9d66-097a123d9ac4.jpg"",""http:\/\/bos.bj.baidubce.com\/json-api\/v1\/crowdtest-online\/upload\/8319807_ea098fa5-75fd-488e-91f6-8b68e9d104de.jpg"",""http:\/\/bos.bj.baidubce.com\/json-api\/v1\/crowdtest-online\/upload\/8319806_ec8c878b-3e2f-408f-bbb6-4b07206097c2.jpg"",""http:\/\/bos.bj.baidubce.com\/json-api\/v1\/crowdtest-online\/upload\/8319805_b54c246e-fb7e-42b1-8571-e7c5fcc4b7a8.jpg"",""http:\/\/bos.bj.baidubce.com\/json-api\/v1\/crowdtest-online\/upload\/8319804_c7367b53-649e-4acf-8230-3aa92a9c9a50.jpg"",""http:\/\/bos.bj.baidubce.com\/json-api\/v1\/crowdtest-online\/upload\/8319803_578737ac-b8ac-4bc9-b2f6-138ad81ee554.jpg"",""http:\/\/bos.bj.baidubce.com\/json-api\/v1\/crowdtest-online\/upload\/8319802_a815a7ba-6f8c-4015-8587-e758709da940.jpg"",""http:\/\/bos.bj.baidubce.com\/json-api\/v1\/crowdtest-online\/upload\/8319801_1c67a04b-aec5-483a-be95-adc47ed44963.jpg""]",未知,P0,审核通过,2015-12-19 16:47:30,,28
0,16597655,急救快通测试,江西省|南昌市|南昌县|瑶湖西三路|,Xiaomi  HM 1SC,Android 4.3,WIFI,中国电信,JLS36C,点击记录查询没有反应,"1打开app
2成功登录
3进入首页——点击记录查询","[""http:\/\/bos.bj.baidubce.com\/json-api\/v1\/crowdtest-online\/upload\/8319808_cd5dddaf-6abe-418c-9d66-097a123d9ac4.jpg"",""http:\/\/bos.bj.baidubce.com\/json-api\/v1\/crowdtest-online\/upload\/8319807_ea098fa5-75fd-488e-91f6-8b68e9d104de.jpg"",""http:\/\/bos.bj.baidubce.com\/json-api\/v1\/crowdtest-online\/upload\/8319806_ec8c878b-3e2f-408f-bbb6-4b07206097c2.jpg"",""http:\/\/bos.bj.baidubce.com\/json-api\/v1\/crowdtest-online\/upload\/8319805_b54c246e-fb7e-42b1-8571-e7c5fcc4b7a8.jpg"",""http:\/\/bos.bj.baidubce.com\/json-api\/v1\/crowdtest-online\/upload\/8319804_c7367b53-649e-4acf-8230-3aa92a9c9a50.jpg"",""http:\/\/bos.bj.baidubce.com\/json-api\/v1\/crowdtest-online\/upload\/8319803_578737ac-b8ac-4bc9-b2f6-138ad81ee554.jpg"",""http:\/\/bos.bj.baidubce.com\/json-api\/v1\/crowdtest-online\/upload\/8319802_a815a7ba-6f8c-4015-8587-e758709da940.jpg"",""http:\/\/bos.bj.baidubce.com\/json-api\/v1\/crowdtest-online\/upload\/8319801_1c67a04b-aec5-483a-be95-adc47ed44963.jpg""]",未知,P0,审核通过,2015-12-19 16:47:15,,30
0,16597655,急救快通测试,江西省|南昌市|南昌县|瑶湖西三路|,Xiaomi  HM 1SC,Android 4.3,WIFI,中国电信,JLS36C,在线支付下无法点击快捷支付和支付宝支付,"1打开app
2成功登录
3进入首页——点击在线支付——点击快捷支付和支付宝支付","[""http:\/\/bos.bj.baidubce.com\/json-api\/v1\/crowdtest-online\/upload\/8319808_cd5dddaf-6abe-418c-9d66-097a123d9ac4.jpg"",""http:\/\/bos.bj.baidubce.com\/json-api\/v1\/crowdtest-online\/upload\/8319807_ea098fa5-75fd-488e-91f6-8b68e9d104de.jpg"",""http:\/\/bos.bj.baidubce.com\/json-api\/v1\/crowdtest-online\/upload\/8319806_ec8c878b-3e2f-408f-bbb6-4b07206097c2.jpg"",""http:\/\/bos.bj.baidubce.com\/json-api\/v1\/crowdtest-online\/upload\/8319805_b54c246e-fb7e-42b1-8571-e7c5fcc4b7a8.jpg"",""http:\/\/bos.bj.baidubce.com\/json-api\/v1\/crowdtest-online\/upload\/8319804_c7367b53-649e-4acf-8230-3aa92a9c9a50.jpg"",""http:\/\/bos.bj.baidubce.com\/json-api\/v1\/crowdtest-online\/upload\/8319803_578737ac-b8ac-4bc9-b2f6-138ad81ee554.jpg"",""http:\/\/bos.bj.baidubce.com\/json-api\/v1\/crowdtest-online\/upload\/8319802_a815a7ba-6f8c-4015-8587-e758709da940.jpg"",""http:\/\/bos.bj.baidubce.com\/json-api\/v1\/crowdtest-online\/upload\/8319801_1c67a04b-aec5-483a-be95-adc47ed44963.jpg""]",未知,P0,审核通过,2015-12-19 16:47:09,,2
0,16597655,急救快通测试,江西省|南昌市|南昌县|瑶湖西三路|,Xiaomi  HM 1SC,Android 4.3,WIFI,中国电信,JLS36C,点击退出登录会自动退回桌面,"1打开app
2成功登录
3点击退出登录","[""http:\/\/bos.bj.baidubce.com\/json-api\/v1\/crowdtest-online\/upload\/8319808_cd5dddaf-6abe-418c-9d66-097a123d9ac4.jpg"",""http:\/\/bos.bj.baidubce.com\/json-api\/v1\/crowdtest-online\/upload\/8319807_ea098fa5-75fd-488e-91f6-8b68e9d104de.jpg"",""http:\/\/bos.bj.baidubce.com\/json-api\/v1\/crowdtest-online\/upload\/8319806_ec8c878b-3e2f-408f-bbb6-4b07206097c2.jpg"",""http:\/\/bos.bj.baidubce.com\/json-api\/v1\/crowdtest-online\/upload\/8319805_b54c246e-fb7e-42b1-8571-e7c5fcc4b7a8.jpg"",""http:\/\/bos.bj.baidubce.com\/json-api\/v1\/crowdtest-online\/upload\/8319804_c7367b53-649e-4acf-8230-3aa92a9c9a50.jpg"",""http:\/\/bos.bj.baidubce.com\/json-api\/v1\/crowdtest-online\/upload\/8319803_578737ac-b8ac-4bc9-b2f6-138ad81ee554.jpg"",""http:\/\/bos.bj.baidubce.com\/json-api\/v1\/crowdtest-online\/upload\/8319802_a815a7ba-6f8c-4015-8587-e758709da940.jpg"",""http:\/\/bos.bj.baidubce.com\/json-api\/v1\/crowdtest-online\/upload\/8319801_1c67a04b-aec5-483a-be95-adc47ed44963.jpg""]",未知,P0,审核通过,2015-12-19 16:46:40,,37
0,16597655,急救快通测试,江西省|南昌市|南昌县|瑶湖西三路|,Xiaomi  HM 1SC,Android 4.3,WIFI,中国电信,JLS36C,将年龄设置为未来时间会显示出负数年龄,"1打开app
2成功登录
3完善信息——填写相关信息","[""http:\/\/bos.bj.baidubce.com\/json-api\/v1\/crowdtest-online\/upload\/8319808_cd5dddaf-6abe-418c-9d66-097a123d9ac4.jpg"",""http:\/\/bos.bj.baidubce.com\/json-api\/v1\/crowdtest-online\/upload\/8319807_ea098fa5-75fd-488e-91f6-8b68e9d104de.jpg"",""http:\/\/bos.bj.baidubce.com\/json-api\/v1\/crowdtest-online\/upload\/8319806_ec8c878b-3e2f-408f-bbb6-4b07206097c2.jpg"",""http:\/\/bos.bj.baidubce.com\/json-api\/v1\/crowdtest-online\/upload\/8319805_b54c246e-fb7e-42b1-8571-e7c5fcc4b7a8.jpg"",""http:\/\/bos.bj.baidubce.com\/json-api\/v1\/crowdtest-online\/upload\/8319804_c7367b53-649e-4acf-8230-3aa92a9c9a50.jpg"",""http:\/\/bos.bj.baidubce.com\/json-api\/v1\/crowdtest-online\/upload\/8319803_578737ac-b8ac-4bc9-b2f6-138ad81ee554.jpg"",""http:\/\/bos.bj.baidubce.com\/json-api\/v1\/crowdtest-online\/upload\/8319802_a815a7ba-6f8c-4015-8587-e758709da940.jpg"",""http:\/\/bos.bj.baidubce.com\/json-api\/v1\/crowdtest-online\/upload\/8319801_1c67a04b-aec5-483a-be95-adc47ed44963.jpg""]",未知,P0,审核通过,2015-12-19 16:45:14,,33
0,16597655,急救快通测试,江西省|南昌市|南昌县|瑶湖西三路|,Xiaomi  HM 1SC,Android 4.3,WIFI,中国电信,JLS36C,点击分享至新浪微博显示访问出错,"1打开app
2成功登录
3点击应用分享——分享至新浪微博","[""http:\/\/bos.bj.baidubce.com\/json-api\/v1\/crowdtest-online\/upload\/8319808_cd5dddaf-6abe-418c-9d66-097a123d9ac4.jpg"",""http:\/\/bos.bj.baidubce.com\/json-api\/v1\/crowdtest-online\/upload\/8319807_ea098fa5-75fd-488e-91f6-8b68e9d104de.jpg"",""http:\/\/bos.bj.baidubce.com\/json-api\/v1\/crowdtest-online\/upload\/8319806_ec8c878b-3e2f-408f-bbb6-4b07206097c2.jpg"",""http:\/\/bos.bj.baidubce.com\/json-api\/v1\/crowdtest-online\/upload\/8319805_b54c246e-fb7e-42b1-8571-e7c5fcc4b7a8.jpg"",""http:\/\/bos.bj.baidubce.com\/json-api\/v1\/crowdtest-online\/upload\/8319804_c7367b53-649e-4acf-8230-3aa92a9c9a50.jpg"",""http:\/\/bos.bj.baidubce.com\/json-api\/v1\/crowdtest-online\/upload\/8319803_578737ac-b8ac-4bc9-b2f6-138ad81ee554.jpg"",""http:\/\/bos.bj.baidubce.com\/json-api\/v1\/crowdtest-online\/upload\/8319802_a815a7ba-6f8c-4015-8587-e758709da940.jpg"",""http:\/\/bos.bj.baidubce.com\/json-api\/v1\/crowdtest-online\/upload\/8319801_1c67a04b-aec5-483a-be95-adc47ed44963.jpg""]",未知,P0,审核通过,2015-12-19 16:45:21,,3
0,16597655,急救快通测试,江西省|南昌市|南昌县|瑶湖西三路|,Xiaomi  HM 1SC,Android 4.3,WIFI,中国电信,JLS36C,点击分享至微信好友时点击回到软件没有反应点击返回键回到页面显示无响应,"1打开app
2成功登录
3分享至微信好友——回到软件——返回","[""http:\/\/bos.bj.baidubce.com\/json-api\/v1\/crowdtest-online\/upload\/8319808_cd5dddaf-6abe-418c-9d66-097a123d9ac4.jpg"",""http:\/\/bos.bj.baidubce.com\/json-api\/v1\/crowdtest-online\/upload\/8319807_ea098fa5-75fd-488e-91f6-8b68e9d104de.jpg"",""http:\/\/bos.bj.baidubce.com\/json-api\/v1\/crowdtest-online\/upload\/8319806_ec8c878b-3e2f-408f-bbb6-4b07206097c2.jpg"",""http:\/\/bos.bj.baidubce.com\/json-api\/v1\/crowdtest-online\/upload\/8319805_b54c246e-fb7e-42b1-8571-e7c5fcc4b7a8.jpg"",""http:\/\/bos.bj.baidubce.com\/json-api\/v1\/crowdtest-online\/upload\/8319804_c7367b53-649e-4acf-8230-3aa92a9c9a50.jpg"",""http:\/\/bos.bj.baidubce.com\/json-api\/v1\/crowdtest-online\/upload\/8319803_578737ac-b8ac-4bc9-b2f6-138ad81ee554.jpg"",""http:\/\/bos.bj.baidubce.com\/json-api\/v1\/crowdtest-online\/upload\/8319802_a815a7ba-6f8c-4015-8587-e758709da940.jpg"",""http:\/\/bos.bj.baidubce.com\/json-api\/v1\/crowdtest-online\/upload\/8319801_1c67a04b-aec5-483a-be95-adc47ed44963.jpg""]",未知,P0,审核通过,2015-12-19 16:45:32,,32
0,16597655,急救快通测试,江西省|南昌市|南昌县|瑶湖西三路|,Xiaomi  HM 1SC,Android 4.3,WIFI,中国电信,JLS36C,点击急救状态没有反应,"1打开app
2成功登录
3点击急救状态","[""http:\/\/bos.bj.baidubce.com\/json-api\/v1\/crowdtest-online\/upload\/8319808_cd5dddaf-6abe-418c-9d66-097a123d9ac4.jpg"",""http:\/\/bos.bj.baidubce.com\/json-api\/v1\/crowdtest-online\/upload\/8319807_ea098fa5-75fd-488e-91f6-8b68e9d104de.jpg"",""http:\/\/bos.bj.baidubce.com\/json-api\/v1\/crowdtest-online\/upload\/8319806_ec8c878b-3e2f-408f-bbb6-4b07206097c2.jpg"",""http:\/\/bos.bj.baidubce.com\/json-api\/v1\/crowdtest-online\/upload\/8319805_b54c246e-fb7e-42b1-8571-e7c5fcc4b7a8.jpg"",""http:\/\/bos.bj.baidubce.com\/json-api\/v1\/crowdtest-online\/upload\/8319804_c7367b53-649e-4acf-8230-3aa92a9c9a50.jpg"",""http:\/\/bos.bj.baidubce.com\/json-api\/v1\/crowdtest-online\/upload\/8319803_578737ac-b8ac-4bc9-b2f6-138ad81ee554.jpg"",""http:\/\/bos.bj.baidubce.com\/json-api\/v1\/crowdtest-online\/upload\/8319802_a815a7ba-6f8c-4015-8587-e758709da940.jpg"",""http:\/\/bos.bj.baidubce.com\/json-api\/v1\/crowdtest-online\/upload\/8319801_1c67a04b-aec5-483a-be95-adc47ed44963.jpg""]",未知,P0,审核通过,2015-12-19 16:45:39,,24
0,16599322,急救快通测试,广东省|广州市|天河区|新塘新园新街一横路|,Xiaomi  2014011,Android 4.2.2,WIFI,中国移动,MIUI-CMCC03,反馈输入全空格键提示成功，应该提示请输入反馈内容,"1.进入默认页面
2.点击右上角三横，用户反馈
3.输入全空格键，点击提交，
3.提示提交成功，应该提示请输入反馈内容","[""http:\/\/bos.bj.baidubce.com\/json-api\/v1\/crowdtest-online\/upload\/8347396_0a971dab-f48e-4f8b-b1a6-2a9ab97fdf4e.jpg""]",未知,P0,审核通过,2015-12-21 09:48:56,,41
0,16599322,急救快通测试,广东省|广州市|天河区|新塘新园新街一横路|,Xiaomi  2014011,Android 4.2.2,WIFI,中国移动,MIUI-CMCC03,分享新浪微博出错。。。,"1.进入默认页面
2.点击右上角三横，应用分享
3.点击新浪微博，提示出错","[""http:\/\/bos.bj.baidubce.com\/json-api\/v1\/crowdtest-online\/upload\/8347396_0a971dab-f48e-4f8b-b1a6-2a9ab97fdf4e.jpg""]",未知,P0,审核通过,2015-12-21 09:49:02,,3
0,16599322,急救快通测试,广东省|广州市|天河区|新塘新园新街一横路|,Xiaomi  2014011,Android 4.2.2,WIFI,中国移动,MIUI-CMCC03,急救状态点击没有响应。,"1.进入默认页面
2.点击急救状态无反应","[""http:\/\/bos.bj.baidubce.com\/json-api\/v1\/crowdtest-online\/upload\/8347396_0a971dab-f48e-4f8b-b1a6-2a9ab97fdf4e.jpg""]",未知,P0,审核通过,2015-12-21 09:49:07,,24
0,16599322,急救快通测试,广东省|广州市|天河区|新塘新园新街一横路|,Xiaomi  2014011,Android 4.2.2,WIFI,中国移动,MIUI-CMCC03,点击记录查询没有响应，,"1.进入默认页面
2.点击记录查询无反应","[""http:\/\/bos.bj.baidubce.com\/json-api\/v1\/crowdtest-online\/upload\/8347396_0a971dab-f48e-4f8b-b1a6-2a9ab97fdf4e.jpg""]",未知,P0,审核通过,2015-12-21 09:49:12,,30
0,16599322,急救快通测试,广东省|广州市|天河区|新塘新园新街一横路|,Xiaomi  2014011,Android 4.2.2,WIFI,中国移动,MIUI-CMCC03,点击头像没有反应，无法添加头像,"1.进入个人信息
2.点击头像没有反应，无法添加头像","[""http:\/\/bos.bj.baidubce.com\/json-api\/v1\/crowdtest-online\/upload\/8347396_0a971dab-f48e-4f8b-b1a6-2a9ab97fdf4e.jpg""]",未知,P0,审核通过,2015-12-21 09:49:17,,8
0,16612222,急救快通测试,广东省|广州市|天河区|新塘新园新街一横路|,Xiaomi  2014011,Android 4.2.2,WIFI,中国移动,MIUI-CMCC03,个人信息里的编号没有显示出编号来,"进入个人信息
编号空白，没有显示编号出来。。。","[""http:\/\/bos.bj.baidubce.com\/json-api\/v1\/crowdtest-online\/upload\/8348326_357ff97c-4ec4-4b91-ad81-38da9d7a9f90.jpg""]",未知,P0,审核通过,2015-12-21 09:48:05,,4
0,16612222,急救快通测试,广东省|广州市|天河区|新塘新园新街一横路|,Xiaomi  2014011,Android 4.2.2,WIFI,中国移动,MIUI-CMCC03,个人信息里的所在地显示未知，应该显示当前所在的位置,个人信息里的所在地显示未知，应该显示当前所在的位置。。。,"[""http:\/\/bos.bj.baidubce.com\/json-api\/v1\/crowdtest-online\/upload\/8348326_357ff97c-4ec4-4b91-ad81-38da9d7a9f90.jpg""]",未知,P0,审核通过,2015-12-21 09:48:11,,33
0,16612222,急救快通测试,广东省|广州市|天河区|新塘新园新街一横路|,Xiaomi  2014011,Android 4.2.2,WIFI,中国移动,MIUI-CMCC03,用户反馈输入全空格键可以提交成功,个人信息里的用户反馈输入全空格键可以提交成功。。。。,"[""http:\/\/bos.bj.baidubce.com\/json-api\/v1\/crowdtest-online\/upload\/8348326_357ff97c-4ec4-4b91-ad81-38da9d7a9f90.jpg""]",未知,P0,审核通过,2015-12-21 09:48:48,,41
0,16612222,急救快通测试,广东省|广州市|天河区|新塘新园新街一横路|,Xiaomi  2014011,Android 4.2.2,WIFI,中国移动,MIUI-CMCC03,分享新浪微博，提示出错,进入个人信息应用分享点击新浪微博，提示出错。。。。,"[""http:\/\/bos.bj.baidubce.com\/json-api\/v1\/crowdtest-online\/upload\/8348326_357ff97c-4ec4-4b91-ad81-38da9d7a9f90.jpg""]",未知,P0,审核通过,2015-12-21 09:48:40,,3
0,16612222,急救快通测试,广东省|广州市|天河区|新塘新园新街一横路|,Xiaomi  2014011,Android 4.2.2,WIFI,中国移动,MIUI-CMCC03,进入默认页面.点击急救状态无反应,"进入默认页面

点击急救状态无反应。。。","[""http:\/\/bos.bj.baidubce.com\/json-api\/v1\/crowdtest-online\/upload\/8348326_357ff97c-4ec4-4b91-ad81-38da9d7a9f90.jpg""]",未知,P0,审核通过,2015-12-21 09:48:35,,24
0,16612222,急救快通测试,广东省|广州市|天河区|新塘新园新街一横路|,Xiaomi  2014011,Android 4.2.2,WIFI,中国移动,MIUI-CMCC03,点击记录查询无反应，，，,"进入默认页面
点击记录查询无反应。。。，，，","[""http:\/\/bos.bj.baidubce.com\/json-api\/v1\/crowdtest-online\/upload\/8348326_357ff97c-4ec4-4b91-ad81-38da9d7a9f90.jpg""]",未知,P0,审核通过,2015-12-21 09:48:29,,30
0,16612222,急救快通测试,广东省|广州市|天河区|新塘新园新街一横路|,Xiaomi  2014011,Android 4.2.2,WIFI,中国移动,MIUI-CMCC03,点击个人信息里的头像没有反应，无法添加头像,点击个人信息里的头像没有反应，无法添加头像。。。,"[""http:\/\/bos.bj.baidubce.com\/json-api\/v1\/crowdtest-online\/upload\/8348326_357ff97c-4ec4-4b91-ad81-38da9d7a9f90.jpg""]",未知,P0,审核通过,2015-12-21 09:48:15,,8
0,16618710,急救快通测试,上海市|上海市|浦东新区|浦东大道|1468,google  Nexus 4,Android 5.1.1,WIFI,中国移动,LMY48T,登录界面，”登陆“应为“登录”,进入登录界面，界面上的”登陆“应使用“登录”。,"[""http:\/\/bos.bj.baidubce.com\/json-api\/v1\/crowdtest-online\/upload\/8303674_aab73409-1cbd-4edc-80ef-9b11e938c71b.jpg""]",未知,P0,审核通过,2015-12-19 09:46:59,,38
0,16620206,急救快通测试,浙江省|宁波市|慈溪市|南大路|191号,ZTE  X9180,Android 4.4.2,WIFI,中国移动,X9180_CNCommon_V1.16,"注册完后,完善信息时出错","输入手机号码和密码注册完成进入下一步完善信息时,明明已经填写完整,但提示姓名,年龄,手机号不能为空,无法继续","[""http:\/\/bos.bj.baidubce.com\/json-api\/v1\/crowdtest-online\/upload\/8302879_2fe2ff59-735e-40fb-babc-69b713ae29b2.jpg""]",未知,P0,审核通过,2015-12-19 01:22:03,,20
0,16622785,急救快通测试,北京市|北京市|海淀区|北四环西路|9号,Honor  Che2-TL00,Android 4.4.2,WIFI,中国移动,Che2-TL00 V100R001CHNC00B262,登陆界面，“忘记密码”和“注册”文字显示不完整，部分被遮挡,登陆界面，“忘记密码”和“注册”文字显示不完整，部分被遮挡,"[""http:\/\/bos.bj.baidubce.com\/json-api\/v1\/crowdtest-online\/upload\/8370390_eb831764-77ea-4e5a-9893-346b1e360853.jpg"",""http:\/\/bos.bj.baidubce.com\/json-api\/v1\/crowdtest-online\/upload\/8370389_0aa0f0dd-56b2-4d11-932f-e1e10098ad37.jpg"",""http:\/\/bos.bj.baidubce.com\/json-api\/v1\/crowdtest-online\/upload\/8370388_d13df21e-cc03-4c9e-a976-1e420830cbc3.jpg"",""http:\/\/bos.bj.baidubce.com\/json-api\/v1\/crowdtest-online\/upload\/8370387_37f22d7a-27d7-448d-8c81-779439c82d76.jpg"",""http:\/\/bos.bj.baidubce.com\/json-api\/v1\/crowdtest-online\/upload\/8370386_c7a0b809-36f4-40c5-975c-4a25204319fd.jpg"",""http:\/\/bos.bj.baidubce.com\/json-api\/v1\/crowdtest-online\/upload\/8370384_50b66728-313e-41ac-8bba-b7fd4477a179.jpg""]",未知,P0,审核不通过,2015-12-21 17:15:22,,34
0,16622785,急救快通测试,北京市|北京市|海淀区|北四环西路|9号,Honor  Che2-TL00,Android 4.4.2,WIFI,中国移动,Che2-TL00 V100R001CHNC00B262,溜达溜达页面。主菜单，点击远程诊断没有反应。如果本操作需要先登陆应该切换到要求登陆页面,溜达溜达页面。主菜单，点击远程诊断没有反应。如果本操作需要先登陆应该切换到要求登陆页面,"[""http:\/\/bos.bj.baidubce.com\/json-api\/v1\/crowdtest-online\/upload\/8370390_eb831764-77ea-4e5a-9893-346b1e360853.jpg"",""http:\/\/bos.bj.baidubce.com\/json-api\/v1\/crowdtest-online\/upload\/8370389_0aa0f0dd-56b2-4d11-932f-e1e10098ad37.jpg"",""http:\/\/bos.bj.baidubce.com\/json-api\/v1\/crowdtest-online\/upload\/8370388_d13df21e-cc03-4c9e-a976-1e420830cbc3.jpg"",""http:\/\/bos.bj.baidubce.com\/json-api\/v1\/crowdtest-online\/upload\/8370387_37f22d7a-27d7-448d-8c81-779439c82d76.jpg"",""http:\/\/bos.bj.baidubce.com\/json-api\/v1\/crowdtest-online\/upload\/8370386_c7a0b809-36f4-40c5-975c-4a25204319fd.jpg"",""http:\/\/bos.bj.baidubce.com\/json-api\/v1\/crowdtest-online\/upload\/8370384_50b66728-313e-41ac-8bba-b7fd4477a179.jpg""]",未知,P0,审核通过,2015-12-21 17:16:29,,7
0,16622785,急救快通测试,北京市|北京市|海淀区|北四环西路|9号,Honor  Che2-TL00,Android 4.4.2,WIFI,中国移动,Che2-TL00 V100R001CHNC00B262,溜达溜达页面。主菜单，点击记录查询没有反应。如果本操作需要先登陆应该切换到要求登陆页面,溜达溜达页面。主菜单，点击记录查询没有反应。如果本操作需要先登陆应该切换到要求登陆页面,"[""http:\/\/bos.bj.baidubce.com\/json-api\/v1\/crowdtest-online\/upload\/8370390_eb831764-77ea-4e5a-9893-346b1e360853.jpg"",""http:\/\/bos.bj.baidubce.com\/json-api\/v1\/crowdtest-online\/upload\/8370389_0aa0f0dd-56b2-4d11-932f-e1e10098ad37.jpg"",""http:\/\/bos.bj.baidubce.com\/json-api\/v1\/crowdtest-online\/upload\/8370388_d13df21e-cc03-4c9e-a976-1e420830cbc3.jpg"",""http:\/\/bos.bj.baidubce.com\/json-api\/v1\/crowdtest-online\/upload\/8370387_37f22d7a-27d7-448d-8c81-779439c82d76.jpg"",""http:\/\/bos.bj.baidubce.com\/json-api\/v1\/crowdtest-online\/upload\/8370386_c7a0b809-36f4-40c5-975c-4a25204319fd.jpg"",""http:\/\/bos.bj.baidubce.com\/json-api\/v1\/crowdtest-online\/upload\/8370384_50b66728-313e-41ac-8bba-b7fd4477a179.jpg""]",未知,P0,审核不通过,2015-12-21 17:16:16,,7
0,16622785,急救快通测试,北京市|北京市|海淀区|北四环西路|9号,Honor  Che2-TL00,Android 4.4.2,WIFI,中国移动,Che2-TL00 V100R001CHNC00B262,溜达溜达页面。主菜单，点击急救状态没有反应。如果本操作需要先登陆应该切换到要求登陆页面,溜达溜达页面。主菜单，点击急救状态没有反应。如果本操作需要先登陆应该切换到要求登陆页面,"[""http:\/\/bos.bj.baidubce.com\/json-api\/v1\/crowdtest-online\/upload\/8370390_eb831764-77ea-4e5a-9893-346b1e360853.jpg"",""http:\/\/bos.bj.baidubce.com\/json-api\/v1\/crowdtest-online\/upload\/8370389_0aa0f0dd-56b2-4d11-932f-e1e10098ad37.jpg"",""http:\/\/bos.bj.baidubce.com\/json-api\/v1\/crowdtest-online\/upload\/8370388_d13df21e-cc03-4c9e-a976-1e420830cbc3.jpg"",""http:\/\/bos.bj.baidubce.com\/json-api\/v1\/crowdtest-online\/upload\/8370387_37f22d7a-27d7-448d-8c81-779439c82d76.jpg"",""http:\/\/bos.bj.baidubce.com\/json-api\/v1\/crowdtest-online\/upload\/8370386_c7a0b809-36f4-40c5-975c-4a25204319fd.jpg"",""http:\/\/bos.bj.baidubce.com\/json-api\/v1\/crowdtest-online\/upload\/8370384_50b66728-313e-41ac-8bba-b7fd4477a179.jpg""]",未知,P0,审核不通过,2015-12-21 17:16:09,,7
0,16622785,急救快通测试,北京市|北京市|海淀区|北四环西路|9号,Honor  Che2-TL00,Android 4.4.2,WIFI,中国移动,Che2-TL00 V100R001CHNC00B262,溜达溜达页面。主菜单，点击在线支付，页面下方出现支付宝和微信支付的两个链接，但是链接点击没有反应,溜达溜达页面。主菜单，点击在线支付，页面下方出现支付宝和微信支付的两个链接，但是链接点击没有反应,"[""http:\/\/bos.bj.baidubce.com\/json-api\/v1\/crowdtest-online\/upload\/8370390_eb831764-77ea-4e5a-9893-346b1e360853.jpg"",""http:\/\/bos.bj.baidubce.com\/json-api\/v1\/crowdtest-online\/upload\/8370389_0aa0f0dd-56b2-4d11-932f-e1e10098ad37.jpg"",""http:\/\/bos.bj.baidubce.com\/json-api\/v1\/crowdtest-online\/upload\/8370388_d13df21e-cc03-4c9e-a976-1e420830cbc3.jpg"",""http:\/\/bos.bj.baidubce.com\/json-api\/v1\/crowdtest-online\/upload\/8370387_37f22d7a-27d7-448d-8c81-779439c82d76.jpg"",""http:\/\/bos.bj.baidubce.com\/json-api\/v1\/crowdtest-online\/upload\/8370386_c7a0b809-36f4-40c5-975c-4a25204319fd.jpg"",""http:\/\/bos.bj.baidubce.com\/json-api\/v1\/crowdtest-online\/upload\/8370384_50b66728-313e-41ac-8bba-b7fd4477a179.jpg""]",未知,P0,审核通过,2015-12-21 17:15:41,,17
0,16622785,急救快通测试,北京市|北京市|海淀区|北四环西路|9号,Honor  Che2-TL00,Android 4.4.2,WIFI,中国移动,Che2-TL00 V100R001CHNC00B262,"个人信息页签，点击 ""用户反馈""，切换到的用户反馈页面左上角“取消”按钮显示不完整","个人信息页签，点击 ""用户反馈""，切换到的用户反馈页面左上角“取消”按钮显示不完整","[""http:\/\/bos.bj.baidubce.com\/json-api\/v1\/crowdtest-online\/upload\/8370390_eb831764-77ea-4e5a-9893-346b1e360853.jpg"",""http:\/\/bos.bj.baidubce.com\/json-api\/v1\/crowdtest-online\/upload\/8370389_0aa0f0dd-56b2-4d11-932f-e1e10098ad37.jpg"",""http:\/\/bos.bj.baidubce.com\/json-api\/v1\/crowdtest-online\/upload\/8370388_d13df21e-cc03-4c9e-a976-1e420830cbc3.jpg"",""http:\/\/bos.bj.baidubce.com\/json-api\/v1\/crowdtest-online\/upload\/8370387_37f22d7a-27d7-448d-8c81-779439c82d76.jpg"",""http:\/\/bos.bj.baidubce.com\/json-api\/v1\/crowdtest-online\/upload\/8370386_c7a0b809-36f4-40c5-975c-4a25204319fd.jpg"",""http:\/\/bos.bj.baidubce.com\/json-api\/v1\/crowdtest-online\/upload\/8370384_50b66728-313e-41ac-8bba-b7fd4477a179.jpg""]",未知,P0,审核不通过,2015-12-21 17:16:57,,40
0,16622785,急救快通测试,北京市|北京市|海淀区|北四环西路|9号,Honor  Che2-TL00,Android 4.4.2,WIFI,中国移动,Che2-TL00 V100R001CHNC00B262,注册、登陆之后。主菜单页面点击左上角图标切换到个人信息页面，所在地和年龄这两项一直显示“未知”，实质上注册的时候已经输入过出生年份，另外定位功能已经确定在北京市。这两项应该都有数据才对,注册、登陆之后。主菜单页面点击左上角图标切换到个人信息页面，所在地和年龄这两项一直显示“未知”，实质上注册的时候已经输入过出生年份，另外定位功能已经确定在北京市。这两项应该都有数据才对,"[""http:\/\/bos.bj.baidubce.com\/json-api\/v1\/crowdtest-online\/upload\/8370390_eb831764-77ea-4e5a-9893-346b1e360853.jpg"",""http:\/\/bos.bj.baidubce.com\/json-api\/v1\/crowdtest-online\/upload\/8370389_0aa0f0dd-56b2-4d11-932f-e1e10098ad37.jpg"",""http:\/\/bos.bj.baidubce.com\/json-api\/v1\/crowdtest-online\/upload\/8370388_d13df21e-cc03-4c9e-a976-1e420830cbc3.jpg"",""http:\/\/bos.bj.baidubce.com\/json-api\/v1\/crowdtest-online\/upload\/8370387_37f22d7a-27d7-448d-8c81-779439c82d76.jpg"",""http:\/\/bos.bj.baidubce.com\/json-api\/v1\/crowdtest-online\/upload\/8370386_c7a0b809-36f4-40c5-975c-4a25204319fd.jpg"",""http:\/\/bos.bj.baidubce.com\/json-api\/v1\/crowdtest-online\/upload\/8370384_50b66728-313e-41ac-8bba-b7fd4477a179.jpg""]",未知,P0,审核通过,2015-12-21 17:16:43,,33
0,16622785,急救快通测试,北京市|北京市|海淀区|北四环西路|9号,Honor  Che2-TL00,Android 4.4.2,WIFI,中国移动,Che2-TL00 V100R001CHNC00B262,登陆之后，主菜单右上角，自动定位显示了“北京市”，这个没错，但是点击北京市这个链接的时候，页面只是刷新一下，并没有切换到地图，这个也应该是一个问题,登陆之后，主菜单右上角，自动定位显示了“北京市”，这个没错，但是点击北京市这个链接的时候，页面只是刷新一下，并没有切换到地图，这个也应该是一个问题,"[""http:\/\/bos.bj.baidubce.com\/json-api\/v1\/crowdtest-online\/upload\/8370390_eb831764-77ea-4e5a-9893-346b1e360853.jpg"",""http:\/\/bos.bj.baidubce.com\/json-api\/v1\/crowdtest-online\/upload\/8370389_0aa0f0dd-56b2-4d11-932f-e1e10098ad37.jpg"",""http:\/\/bos.bj.baidubce.com\/json-api\/v1\/crowdtest-online\/upload\/8370388_d13df21e-cc03-4c9e-a976-1e420830cbc3.jpg"",""http:\/\/bos.bj.baidubce.com\/json-api\/v1\/crowdtest-online\/upload\/8370387_37f22d7a-27d7-448d-8c81-779439c82d76.jpg"",""http:\/\/bos.bj.baidubce.com\/json-api\/v1\/crowdtest-online\/upload\/8370386_c7a0b809-36f4-40c5-975c-4a25204319fd.jpg"",""http:\/\/bos.bj.baidubce.com\/json-api\/v1\/crowdtest-online\/upload\/8370384_50b66728-313e-41ac-8bba-b7fd4477a179.jpg""]",未知,P0,审核通过,2015-12-21 17:17:11,,22
0,16622785,急救快通测试,北京市|北京市|海淀区|北四环西路|9号,Honor  Che2-TL00,Android 4.4.2,WIFI,中国移动,Che2-TL00 V100R001CHNC00B262,主菜单页面，点击地理位置功能，切换到地图页面。点击左下角的红色图标，弹出的四个蓝色图标只有语音那一个点击有效另外三个点击都没有反应,主菜单页面，点击地理位置功能，切换到地图页面。点击左下角的红色图标，弹出的四个蓝色图标只有语音那一个点击有效另外三个点击都没有反应,"[""http:\/\/bos.bj.baidubce.com\/json-api\/v1\/crowdtest-online\/upload\/8370390_eb831764-77ea-4e5a-9893-346b1e360853.jpg"",""http:\/\/bos.bj.baidubce.com\/json-api\/v1\/crowdtest-online\/upload\/8370389_0aa0f0dd-56b2-4d11-932f-e1e10098ad37.jpg"",""http:\/\/bos.bj.baidubce.com\/json-api\/v1\/crowdtest-online\/upload\/8370388_d13df21e-cc03-4c9e-a976-1e420830cbc3.jpg"",""http:\/\/bos.bj.baidubce.com\/json-api\/v1\/crowdtest-online\/upload\/8370387_37f22d7a-27d7-448d-8c81-779439c82d76.jpg"",""http:\/\/bos.bj.baidubce.com\/json-api\/v1\/crowdtest-online\/upload\/8370386_c7a0b809-36f4-40c5-975c-4a25204319fd.jpg"",""http:\/\/bos.bj.baidubce.com\/json-api\/v1\/crowdtest-online\/upload\/8370384_50b66728-313e-41ac-8bba-b7fd4477a179.jpg""]",未知,P0,审核通过,2015-12-21 17:17:25,,10
