project,bugsDetected,totalBugs,percentBugsDetected,reportsSubmit,totalReports,percentReportsSubmit,percentSavedEffort,F1,E1,optimalReportsSubmit,differenceWithOptimal
101-120-今日时尚测试_1463737561.csv,17.0,17.0,1.0,87.0,120.0,0.725,0.275,0.4313725490196079,0.4313725490196079,73.0,14.0,
72-213-花友测试_1463737504.csv,24.0,26.0,0.9230769230769231,93.0,213.0,0.43661971830985913,0.5633802816901409,0.6997084548104957,0.6997084548104957,104.0,-11.0,
451-109-bug掌上110V1.0.0测试_1470654321.csv,14.0,15.0,0.9333333333333333,87.0,109.0,0.7981651376146789,0.2018348623853211,0.33189655172413796,0.33189655172413796,93.0,-6.0,
509-176-bug红猩猩V1.2测试_1470654287.csv,15.0,24.0,0.625,90.0,176.0,0.5113636363636364,0.48863636363636365,0.548469387755102,0.548469387755102,125.0,-35.0,
143-127-荔枝FM测试_1463737709.csv,15.0,18.0,0.8333333333333334,87.0,127.0,0.6850393700787402,0.31496062992125984,0.45714285714285713,0.45714285714285713,103.0,-16.0,
174-330-易试驾测试_1463737832.csv,28.0,39.0,0.717948717948718,87.0,330.0,0.2636363636363636,0.7363636363636363,0.7270395896778329,0.7270395896778329,278.0,-191.0,
234-175-bugJiuJiu测试_1470654480.csv,20.0,23.0,0.8695652173913043,90.0,175.0,0.5142857142857142,0.48571428571428577,0.623281393217232,0.623281393217232,121.0,-31.0,
322-129-bug有薪快访测试_1470654415.csv,10.0,10.0,1.0,90.0,129.0,0.6976744186046512,0.3023255813953488,0.46428571428571425,0.46428571428571425,36.0,54.0,
499-130-bug陶世界V1.0.1测试_1470654291.csv,18.0,18.0,1.0,93.0,130.0,0.7153846153846154,0.2846153846153846,0.44311377245508987,0.44311377245508987,62.0,31.0,
449-101-bug湘梦购商家V1.1.1测试_1470654326.csv,14.0,14.0,1.0,90.0,101.0,0.8910891089108911,0.1089108910891089,0.1964285714285714,0.1964285714285714,44.0,46.0,
128-115-蛋蛋赚测试_1463737676.csv,13.0,14.0,0.9285714285714286,90.0,115.0,0.782608695652174,0.21739130434782605,0.3523035230352303,0.3523035230352303,102.0,-12.0,
442-124-bug上海三农热线V1.0测试_1470654332.csv,16.0,16.0,1.0,93.0,124.0,0.75,0.25,0.4,0.4,76.0,17.0,
311-185-bug社区慧生活测试_1470654424.csv,23.0,25.0,0.92,87.0,185.0,0.4702702702702703,0.5297297297297296,0.6723340790454885,0.6723340790454885,95.0,-8.0,
217-288-bug大帮汇测试_1470654530.csv,31.0,36.0,0.8611111111111112,116.0,288.0,0.4027777777777778,0.5972222222222222,0.7052910052910053,0.7052910052910053,233.0,-117.0,
124-326-衣批测试_1463737628.csv,30.0,40.0,0.75,87.0,326.0,0.2668711656441718,0.7331288343558282,0.7414684591520165,0.7414684591520165,238.0,-151.0,
284-184-bug海捣网测试_1470654451.csv,26.0,26.0,1.0,124.0,184.0,0.6739130434782609,0.32608695652173914,0.4918032786885246,0.4918032786885246,123.0,1.0,
218-103-bug恶龙公主—逆塔防测试_1470654523.csv,14.0,14.0,1.0,90.0,103.0,0.8737864077669902,0.12621359223300976,0.22413793103448287,0.22413793103448287,78.0,12.0,
382-101-bug出游宝V0.9.2测试_1470654358.csv,12.0,12.0,1.0,90.0,101.0,0.8910891089108911,0.1089108910891089,0.1964285714285714,0.1964285714285714,85.0,5.0,
204-101-文件管理测试_1463737945.csv,14.0,14.0,1.0,93.0,101.0,0.9207920792079208,0.07920792079207917,0.146788990825688,0.146788990825688,47.0,46.0,
6-144-百度天眼测试反馈_1463737257.csv,12.0,13.0,0.9230769230769231,116.0,144.0,0.8055555555555556,0.19444444444444442,0.32122370936902483,0.32122370936902483,120.0,-4.0,
205-111-bug文件管理测试_1470654534.csv,15.0,15.0,1.0,93.0,111.0,0.8378378378378378,0.16216216216216217,0.27906976744186046,0.27906976744186046,56.0,37.0,
377-132-bug世纪开元V1.0测试_1470654361.csv,16.0,17.0,0.9411764705882353,93.0,132.0,0.7045454545454546,0.2954545454545454,0.4497297297297297,0.4497297297297297,97.0,-4.0,
315-119-萌宠达人测试_1463738095.csv,16.0,17.0,0.9411764705882353,87.0,119.0,0.7310924369747899,0.26890756302521013,0.41830065359477125,0.41830065359477125,102.0,-15.0,
122-138-购物狂测试_1463737645.csv,17.0,18.0,0.9444444444444444,90.0,138.0,0.6521739130434783,0.34782608695652173,0.508411214953271,0.508411214953271,100.0,-10.0,
222-304-喜马拉雅FM测试_1463737999.csv,32.0,34.0,0.9411764705882353,155.0,304.0,0.5098684210526315,0.4901315789473685,0.6445856428281737,0.6445856428281737,217.0,-62.0,
254-372-叮叮导游测试_1463738040.csv,39.0,46.0,0.8478260869565217,120.0,372.0,0.3225806451612903,0.6774193548387097,0.7531034482758621,0.7531034482758621,253.0,-133.0,
443-131-bug铠甲助手V1.0测试_1470654323.csv,18.0,18.0,1.0,90.0,131.0,0.6870229007633588,0.3129770992366412,0.4767441860465116,0.4767441860465116,80.0,10.0,
319-197-百叶小成测试_1463738097.csv,22.0,28.0,0.7857142857142857,87.0,197.0,0.4416243654822335,0.5583756345177665,0.6528189910979229,0.6528189910979229,138.0,-51.0,
276-261-淘二手测试_1463738066.csv,26.0,32.0,0.8125,90.0,261.0,0.3448275862068966,0.6551724137931034,0.7254038179148312,0.7254038179148312,227.0,-137.0,
340-266-bug包头优生活V1.20.160426测试_1470654405.csv,18.0,32.0,0.5625,93.0,266.0,0.34962406015037595,0.650375939849624,0.6032545524990314,0.6032545524990314,239.0,-146.0,
130-136-终极手电筒测试_1463737660.csv,18.0,19.0,0.9473684210526315,87.0,136.0,0.6397058823529411,0.3602941176470589,0.5220479431784553,0.5220479431784553,107.0,-20.0,
87-123-听世界听书测试_1463737540.csv,17.0,17.0,1.0,87.0,123.0,0.7073170731707317,0.29268292682926833,0.45283018867924535,0.45283018867924535,76.0,11.0,
337-255-bug4399游戏盒V3.3测试_1470654412.csv,24.0,30.0,0.8,124.0,255.0,0.48627450980392156,0.5137254901960784,0.6256716417910447,0.6256716417910447,166.0,-42.0,
508-159-bug好园区VV1.0.5测试_1470654289.csv,19.0,22.0,0.8636363636363636,90.0,159.0,0.5660377358490566,0.4339622641509434,0.5776602775941838,0.5776602775941838,119.0,-29.0,
48-118-百度糯米6.0.2测试_1463737445.csv,13.0,13.0,1.0,90.0,118.0,0.7627118644067796,0.23728813559322037,0.3835616438356165,0.3835616438356165,76.0,14.0,
533-166-bug知渔宝V1.3.0测试_1470654279.csv,20.0,23.0,0.8695652173913043,120.0,166.0,0.7228915662650602,0.27710843373493976,0.4202832343535861,0.4202832343535861,140.0,-20.0,
113-177-Hark测试_1463737599.csv,20.0,24.0,0.8333333333333334,87.0,177.0,0.4915254237288136,0.5084745762711864,0.631578947368421,0.631578947368421,132.0,-45.0,
215-339-秀色测试_1463737968.csv,37.0,42.0,0.8809523809523809,116.0,339.0,0.3421828908554572,0.6578171091445428,0.7532064448400201,0.7532064448400201,226.0,-110.0,
404-270-bug门诊大厅V2.6.5测试_1470654351.csv,28.0,33.0,0.8484848484848485,124.0,270.0,0.45925925925925926,0.5407407407407407,0.6605267409920828,0.6605267409920828,221.0,-97.0,
450-101-bug天域天气V1.0测试_1470654313.csv,12.0,12.0,1.0,93.0,101.0,0.9207920792079208,0.07920792079207917,0.146788990825688,0.146788990825688,87.0,6.0,
267-194-bug车阿哥（用户端）测试_1470654466.csv,26.0,27.0,0.9629629629629629,90.0,194.0,0.4639175257731959,0.5360824742268041,0.6887417218543046,0.6887417218543046,143.0,-53.0,
244-250-malimalihome测试_1463738030.csv,29.0,31.0,0.9354838709677419,93.0,250.0,0.372,0.628,0.7515061483865643,0.7515061483865643,167.0,-74.0,
106-103-基金速览2.3测试_1463737575.csv,14.0,14.0,1.0,90.0,103.0,0.8737864077669902,0.12621359223300976,0.22413793103448287,0.22413793103448287,67.0,23.0,
240-132-bug海捣网测试_1470654473.csv,18.0,18.0,1.0,90.0,132.0,0.6818181818181818,0.31818181818181823,0.4827586206896552,0.4827586206896552,76.0,14.0,
329-102-bug小说阅读网V1.0.8测试_1470654414.csv,14.0,14.0,1.0,87.0,102.0,0.8529411764705882,0.1470588235294118,0.2564102564102565,0.2564102564102565,64.0,23.0,
42-129-优房优派测试_1463737427.csv,18.0,18.0,1.0,93.0,129.0,0.7209302325581395,0.2790697674418605,0.43636363636363645,0.43636363636363645,82.0,11.0,
4-399-百度浏览器T7尝鲜版第二轮测试来袭_1463737217.csv,32.0,47.0,0.6808510638297872,116.0,399.0,0.2907268170426065,0.7092731829573935,0.6947715677624765,0.6947715677624765,317.0,-201.0,
125-117-话费支付Demo测试_1463737673.csv,16.0,16.0,1.0,90.0,117.0,0.7692307692307693,0.23076923076923073,0.3749999999999999,0.3749999999999999,70.0,20.0,
274-149-bug黄瓜测试_1470654456.csv,17.0,21.0,0.8095238095238095,87.0,149.0,0.5838926174496645,0.4161073825503355,0.5496740547588006,0.5496740547588006,124.0,-37.0,
114-119-京东微联测试_1463737617.csv,16.0,17.0,0.9411764705882353,87.0,119.0,0.7310924369747899,0.26890756302521013,0.41830065359477125,0.41830065359477125,94.0,-7.0,
167-284-杏林题库测试_1463737790.csv,28.0,35.0,0.8,93.0,284.0,0.3274647887323944,0.6725352112676056,0.7307508369201339,0.7307508369201339,243.0,-150.0,
320-197-bug百叶小成测试_1470654418.csv,23.0,28.0,0.8214285714285714,93.0,197.0,0.4720812182741117,0.5279187817258884,0.6427515786645169,0.6427515786645169,138.0,-45.0,
136-215-简明天气测试_1463737693.csv,19.0,24.0,0.7916666666666666,93.0,215.0,0.4325581395348837,0.5674418604651164,0.6610580350777128,0.6610580350777128,154.0,-61.0,
170-149-Domino测试_1463737794.csv,19.0,21.0,0.9047619047619048,87.0,149.0,0.5838926174496645,0.4161073825503355,0.5700459714493104,0.5700459714493104,131.0,-44.0,
187-289-鸟人测试_1463737869.csv,27.0,35.0,0.7714285714285715,93.0,289.0,0.3217993079584775,0.6782006920415224,0.7218168178408239,0.7218168178408239,220.0,-127.0,
135-243-星联app测试_1463737684.csv,22.0,30.0,0.7333333333333333,87.0,243.0,0.35802469135802467,0.6419753086419753,0.6846199880311191,0.6846199880311191,151.0,-64.0,
347-370-bug指尖大学测试_1470654404.csv,42.0,46.0,0.9130434782608695,150.0,370.0,0.40540540540540543,0.5945945945945945,0.7201870615744349,0.7201870615744349,213.0,-63.0,
557-106-bug成都基层平台V0.2.6测试_1470654272.csv,12.0,12.0,1.0,87.0,106.0,0.8207547169811321,0.17924528301886788,0.304,0.304,67.0,20.0,
123-115-移动发布系统Beta测试_1463737586.csv,5.0,5.0,1.0,87.0,115.0,0.7565217391304347,0.24347826086956526,0.39160839160839167,0.39160839160839167,84.0,3.0,
196-262-小Q科普测试_1463737916.csv,26.0,31.0,0.8387096774193549,93.0,262.0,0.3549618320610687,0.6450381679389313,0.7292340884573896,0.7292340884573896,144.0,-51.0,
464-186-bug眼专家V1.3测试_1470654302.csv,14.0,24.0,0.5833333333333334,87.0,186.0,0.46774193548387094,0.532258064516129,0.5566265060240964,0.5566265060240964,161.0,-74.0,
317-131-华企帮测试_1463738098.csv,18.0,18.0,1.0,93.0,131.0,0.7099236641221374,0.29007633587786263,0.44970414201183434,0.44970414201183434,39.0,54.0,
452-126-bug嗨声V1.3.0测试_1470654315.csv,18.0,18.0,1.0,87.0,126.0,0.6904761904761905,0.30952380952380953,0.4727272727272727,0.4727272727272727,58.0,29.0,
11-117-广告云推送调研测试_1463737325.csv,8.0,9.0,0.8888888888888888,87.0,117.0,0.7435897435897436,0.2564102564102564,0.3980099502487562,0.3980099502487562,94.0,-7.0,
168-124-电台测试_1463737792.csv,13.0,16.0,0.8125,87.0,124.0,0.7016129032258065,0.2983870967741935,0.43647912885662427,0.43647912885662427,102.0,-15.0,
189-216-跑跑测试_1463737615.csv,23.0,25.0,0.92,90.0,216.0,0.4166666666666667,0.5833333333333333,0.7139689578713968,0.7139689578713968,178.0,-88.0,
202-432-无线襄阳测试_1463737927.csv,40.0,54.0,0.7407407407407407,120.0,432.0,0.2777777777777778,0.7222222222222222,0.7313642756680733,0.7313642756680733,270.0,-150.0,
310-170-bug私人飞行测试_1470654421.csv,21.0,23.0,0.9130434782608695,93.0,170.0,0.5470588235294118,0.4529411764705882,0.6055045871559632,0.6055045871559632,106.0,-13.0,
257-133-bug口袋故事测试_1470654466.csv,18.0,19.0,0.9473684210526315,93.0,133.0,0.6992481203007519,0.3007518796992481,0.45656309448319593,0.45656309448319593,96.0,-3.0,
213-416-bug经常直播内测版测试_1470654528.csv,34.0,51.0,0.6666666666666666,87.0,416.0,0.2091346153846154,0.7908653846153846,0.7234744365035733,0.7234744365035733,204.0,-117.0,
278-262-bug3Dsousou测试_1470654452.csv,28.0,32.0,0.875,124.0,262.0,0.4732824427480916,0.5267175572519084,0.6575901974132063,0.6575901974132063,169.0,-45.0,
488-132-bug易秒微配客户端V1.0.0测试_1470654297.csv,18.0,18.0,1.0,90.0,132.0,0.6818181818181818,0.31818181818181823,0.4827586206896552,0.4827586206896552,80.0,10.0,
263-212-bug芈糕测试_1470654464.csv,24.0,26.0,0.9230769230769231,87.0,212.0,0.41037735849056606,0.5896226415094339,0.7195970256656272,0.7195970256656272,161.0,-74.0,
74-230-通星粉测试_1463737520.csv,24.0,27.0,0.8888888888888888,124.0,230.0,0.5391304347826087,0.4608695652173913,0.6070150322118826,0.6070150322118826,157.0,-33.0,
175-167-赛果不倒蛋测试_1463737842.csv,19.0,22.0,0.8636363636363636,90.0,167.0,0.5389221556886228,0.4610778443113772,0.601191699198685,0.601191699198685,120.0,-30.0,
283-184-海捣网测试_1463738074.csv,26.0,26.0,1.0,124.0,184.0,0.6739130434782609,0.32608695652173914,0.4918032786885246,0.4918032786885246,123.0,1.0,
249-222-玖信贷测试_1463738047.csv,26.0,27.0,0.9629629629629629,93.0,222.0,0.4189189189189189,0.5810810810810811,0.7247974068071313,0.7247974068071313,148.0,-55.0,
296-128-车典APP测试_1463738082.csv,14.0,15.0,0.9333333333333333,87.0,128.0,0.6796875,0.3203125,0.4769422517656834,0.4769422517656834,104.0,-17.0,
487-111-bug鉴定宝V1.0测试_1470654296.csv,15.0,15.0,1.0,87.0,111.0,0.7837837837837838,0.21621621621621623,0.35555555555555557,0.35555555555555557,48.0,39.0,
149-121-喜马拉雅FM测试_1463737711.csv,17.0,17.0,1.0,93.0,121.0,0.768595041322314,0.23140495867768596,0.3758389261744966,0.3758389261744966,79.0,14.0,
99-156-雅思君测试_1463737564.csv,21.0,22.0,0.9545454545454546,87.0,156.0,0.5576923076923077,0.4423076923076923,0.60450563204005,0.60450563204005,88.0,-1.0,
348-467-bug友服商城V1.0测试_1470654398.csv,45.0,58.0,0.7758620689655172,150.0,467.0,0.32119914346895073,0.6788008565310493,0.7240932971244385,0.7240932971244385,416.0,-266.0,
235-175-JiuJiu测试_1463738027.csv,20.0,23.0,0.8695652173913043,90.0,175.0,0.5142857142857142,0.48571428571428577,0.623281393217232,0.623281393217232,121.0,-31.0,
403-197-bug点帮帮测试_1470654349.csv,19.0,27.0,0.7037037037037037,87.0,197.0,0.4416243654822335,0.5583756345177665,0.6226724266348875,0.6226724266348875,176.0,-89.0,
441-113-bug云伴母婴V3.6.0测试_1470654337.csv,15.0,15.0,1.0,93.0,113.0,0.8230088495575221,0.17699115044247793,0.3007518796992482,0.3007518796992482,92.0,1.0,
151-332-道道云驾校测试_1463737724.csv,30.0,41.0,0.7317073170731707,116.0,332.0,0.3493975903614458,0.6506024096385542,0.6887755102040817,0.6887755102040817,224.0,-108.0,
472-114-bug佰职网V1.2.1测试_1470654299.csv,16.0,16.0,1.0,90.0,114.0,0.7894736842105263,0.21052631578947367,0.34782608695652173,0.34782608695652173,89.0,1.0,
92-133-喵哆啦测试_1463737548.csv,18.0,19.0,0.9473684210526315,93.0,133.0,0.6992481203007519,0.3007518796992481,0.45656309448319593,0.45656309448319593,113.0,-20.0,
29-150-小白用车_1463737383.csv,18.0,21.0,0.8571428571428571,90.0,150.0,0.6,0.4,0.5454545454545455,0.5454545454545455,123.0,-33.0,
179-117-金蛋理财测试_1463737851.csv,16.0,16.0,1.0,87.0,117.0,0.7435897435897436,0.2564102564102564,0.4081632653061224,0.4081632653061224,56.0,31.0,
192-344-滔滔雅思口语测试_1463737898.csv,32.0,43.0,0.7441860465116279,145.0,344.0,0.42151162790697677,0.5784883720930232,0.6509583439815998,0.6509583439815998,265.0,-120.0,
228-244-小饭桌测试_1463737976.csv,20.0,28.0,0.7142857142857143,90.0,244.0,0.36885245901639346,0.6311475409836065,0.6701479547432551,0.6701479547432551,189.0,-99.0,
212-404-经常直播内测版测试_1463737964.csv,36.0,50.0,0.72,87.0,404.0,0.21534653465346534,0.7846534653465347,0.7509376850694215,0.7509376850694215,267.0,-180.0,
307-137-UONE_1463738088.csv,14.0,18.0,0.7777777777777778,90.0,137.0,0.656934306569343,0.34306569343065696,0.47612156295224317,0.47612156295224317,117.0,-27.0,
327-239-动起来测试_1463738068.csv,22.0,29.0,0.7586206896551724,93.0,239.0,0.3891213389121339,0.610878661087866,0.676780446691951,0.676780446691951,214.0,-121.0,
326-231-bug数英测试_1470654415.csv,24.0,27.0,0.8888888888888888,87.0,231.0,0.37662337662337664,0.6233766233766234,0.732824427480916,0.732824427480916,114.0,-27.0,
527-132-bug荆州新闻V2.3.1测试_1470654284.csv,18.0,18.0,1.0,90.0,132.0,0.6818181818181818,0.31818181818181823,0.4827586206896552,0.4827586206896552,52.0,38.0,
325-231-数英测试_1463738102.csv,24.0,27.0,0.8888888888888888,90.0,231.0,0.38961038961038963,0.6103896103896104,0.7237728585178055,0.7237728585178055,114.0,-24.0,
181-271-网乐惠测试_1463737849.csv,24.0,33.0,0.7272727272727273,90.0,271.0,0.33210332103321033,0.6678966789667897,0.69632123106516,0.69632123106516,240.0,-150.0,
357-134-bug筑医台V1.2测试_1470654365.csv,18.0,19.0,0.9473684210526315,93.0,134.0,0.6940298507462687,0.30597014925373134,0.46255092447508617,0.46255092447508617,95.0,-2.0,
350-324-bugdr.wineV3.1.2测试_1470654390.csv,32.0,40.0,0.8,150.0,324.0,0.46296296296296297,0.537037037037037,0.6426592797783933,0.6426592797783933,264.0,-114.0,
300-197-每刻兼职测试_1463738080.csv,25.0,28.0,0.8928571428571429,90.0,197.0,0.45685279187817257,0.5431472081218274,0.6754197702310314,0.6754197702310314,164.0,-74.0,
351-123-bugFolderExplorerV1.0测试_1470654387.csv,16.0,17.0,0.9411764705882353,90.0,123.0,0.7317073170731707,0.2682926829268293,0.41755634638196915,0.41755634638196915,97.0,-7.0,
162-412-网上订餐软件测试_1463737768.csv,37.0,51.0,0.7254901960784313,116.0,412.0,0.2815533980582524,0.7184466019417476,0.7219512195121951,0.7219512195121951,326.0,-210.0,
98-117-快乐满意拍测试_1463737558.csv,16.0,16.0,1.0,87.0,117.0,0.7435897435897436,0.2564102564102564,0.4081632653061224,0.4081632653061224,59.0,28.0,
339-308-bugWhatchAppV1.0测试_1470654408.csv,26.0,38.0,0.6842105263157895,90.0,308.0,0.2922077922077922,0.7077922077922079,0.6958016204272036,0.6958016204272036,237.0,-147.0,
163-180-局领导测试_1463737771.csv,21.0,23.0,0.9130434782608695,120.0,180.0,0.6666666666666666,0.33333333333333337,0.48837209302325585,0.48837209302325585,142.0,-22.0,
293-143-bug一度蜜测试_1470654434.csv,20.0,20.0,1.0,93.0,143.0,0.6503496503496503,0.3496503496503497,0.5181347150259068,0.5181347150259068,85.0,8.0,
299-197-bug每刻兼职测试_1470654441.csv,25.0,28.0,0.8928571428571429,90.0,197.0,0.45685279187817257,0.5431472081218274,0.6754197702310314,0.6754197702310314,164.0,-74.0,
250-222-bug玖信贷测试_1470654468.csv,26.0,27.0,0.9629629629629629,120.0,222.0,0.5405405405405406,0.45945945945945943,0.622097114707952,0.622097114707952,148.0,-28.0,
142-130-hjdn测试_1463737703.csv,18.0,18.0,1.0,93.0,130.0,0.7153846153846154,0.2846153846153846,0.44311377245508987,0.44311377245508987,75.0,18.0,
161-270-凤凰视频beta版_1463737748.csv,26.0,31.0,0.8387096774193549,124.0,270.0,0.45925925925925926,0.5407407407407407,0.6575437380911138,0.6575437380911138,220.0,-96.0,
193-114-百度图片App4.1.3.1测试_1463737882.csv,3.0,3.0,1.0,93.0,114.0,0.8157894736842105,0.1842105263157895,0.31111111111111117,0.31111111111111117,40.0,53.0,
360-277-bug寻到宝V1.0.0测试_1470654368.csv,30.0,34.0,0.8823529411764706,116.0,277.0,0.4187725631768953,0.5812274368231047,0.7008125362739408,0.7008125362739408,219.0,-103.0,
67-138-法律易查测试_1463737508.csv,18.0,18.0,1.0,87.0,138.0,0.6304347826086957,0.3695652173913043,0.5396825396825397,0.5396825396825397,83.0,4.0,
543-117-bug华数享看V2.1.0测试_1470654279.csv,13.0,14.0,0.9285714285714286,87.0,117.0,0.7435897435897436,0.2564102564102564,0.40185471406491496,0.40185471406491496,101.0,-14.0,
216-283-大帮汇测试_1463737957.csv,28.0,34.0,0.8235294117647058,90.0,283.0,0.31802120141342755,0.6819787985865724,0.7460996824520225,0.7460996824520225,228.0,-138.0,
127-271-365淘房测试_1463737634.csv,27.0,32.0,0.84375,145.0,271.0,0.5350553505535055,0.4649446494464945,0.5995241871530532,0.5995241871530532,235.0,-90.0,
426-122-bug二酒网V1.0测试_1470654340.csv,15.0,16.0,0.9375,93.0,122.0,0.7622950819672131,0.23770491803278693,0.3792502179598954,0.3792502179598954,99.0,-6.0,
164-326-茄子医生测试_1463737777.csv,29.0,40.0,0.725,93.0,326.0,0.2852760736196319,0.7147239263803681,0.7198252902950889,0.7198252902950889,263.0,-170.0,
102-223-迪信通测试_1463737571.csv,23.0,27.0,0.8518518518518519,87.0,223.0,0.3901345291479821,0.6098654708520179,0.7108283149642086,0.7108283149642086,122.0,-35.0,
226-325-郑州地铁二维码购票测试_1463738008.csv,30.0,39.0,0.7692307692307693,90.0,325.0,0.27692307692307694,0.7230769230769231,0.745440126883426,0.745440126883426,261.0,-171.0,
285-116-bug蜘蛛网app测试_1470654446.csv,15.0,15.0,1.0,90.0,116.0,0.7758620689655172,0.22413793103448276,0.36619718309859156,0.36619718309859156,68.0,22.0,
150-275-石榴网APP测试_1463737733.csv,24.0,34.0,0.7058823529411765,93.0,275.0,0.3381818181818182,0.6618181818181819,0.6831404441664061,0.6831404441664061,234.0,-141.0,
389-141-bug好善乐购V2.1.0测试_1470654354.csv,19.0,20.0,0.95,90.0,141.0,0.6382978723404256,0.36170212765957444,0.5239253852392538,0.5239253852392538,91.0,-1.0,
318-131-bug华企帮测试_1470654417.csv,18.0,18.0,1.0,93.0,131.0,0.7099236641221374,0.29007633587786263,0.44970414201183434,0.44970414201183434,39.0,54.0,
159-158-基金曲线速览测试_1463737717.csv,21.0,21.0,1.0,120.0,158.0,0.759493670886076,0.240506329113924,0.38775510204081626,0.38775510204081626,93.0,27.0,
356-105-bug幸运云购V0.1.0测试_1470654372.csv,15.0,15.0,1.0,93.0,105.0,0.8857142857142857,0.11428571428571432,0.20512820512820518,0.20512820512820518,60.0,33.0,
541-116-bug庞中华书法V1.0测试_1470654277.csv,14.0,14.0,1.0,93.0,116.0,0.8017241379310345,0.19827586206896552,0.33093525179856115,0.33093525179856115,93.0,0.0,
362-172-bug一比分V1.1.0测试_1470654365.csv,19.0,23.0,0.8260869565217391,90.0,172.0,0.5232558139534884,0.4767441860465116,0.6045789677920062,0.6045789677920062,147.0,-57.0,
559-116-bug东西说V1.0测试_1470654273.csv,13.0,15.0,0.8666666666666667,90.0,116.0,0.7758620689655172,0.22413793103448276,0.35616438356164387,0.35616438356164387,96.0,-6.0,
308-137-bugUONE_1470654431.csv,14.0,18.0,0.7777777777777778,90.0,137.0,0.656934306569343,0.34306569343065696,0.47612156295224317,0.47612156295224317,117.0,-27.0,
286-116-蜘蛛网app测试_1463738077.csv,15.0,15.0,1.0,87.0,116.0,0.75,0.25,0.4,0.4,68.0,19.0,
268-194-车阿哥（用户端）测试_1463738053.csv,26.0,27.0,0.9629629629629629,93.0,194.0,0.4793814432989691,0.5206185567010309,0.6758460944537382,0.6758460944537382,143.0,-50.0,
346-214-bug徐水圈V1.0.160419测试_1470654402.csv,22.0,25.0,0.88,93.0,214.0,0.43457943925233644,0.5654205607476636,0.6884779516358464,0.6884779516358464,189.0,-96.0,
366-206-bug通辽碧桂园V2.07.160526测试_1470654364.csv,17.0,24.0,0.7083333333333334,93.0,206.0,0.45145631067961167,0.5485436893203883,0.6182813002896684,0.6182813002896684,172.0,-79.0,
95-106-爱陪护测试_1463737556.csv,14.0,14.0,1.0,93.0,106.0,0.8773584905660378,0.12264150943396224,0.21848739495798314,0.21848739495798314,70.0,23.0,
224-426-智慧教育测试_1463737994.csv,47.0,53.0,0.8867924528301887,217.0,426.0,0.5093896713615024,0.49061032863849763,0.631724492748963,0.631724492748963,339.0,-122.0,
275-261-bug淘二手测试_1470654455.csv,25.0,32.0,0.78125,87.0,261.0,0.3333333333333333,0.6666666666666667,0.7194244604316546,0.7194244604316546,227.0,-140.0,
220-798-农科助手测试_1463737988.csv,53.0,99.0,0.5353535353535354,120.0,798.0,0.15037593984962405,0.849624060150376,0.6568326387365652,0.6568326387365652,683.0,-563.0,
157-161-任意球测试_1463737744.csv,21.0,23.0,0.9130434782608695,93.0,161.0,0.577639751552795,0.422360248447205,0.5775530839231547,0.5775530839231547,125.0,-32.0,
230-217-bug易约爱测试_1470654510.csv,23.0,27.0,0.8518518518518519,87.0,217.0,0.4009216589861751,0.599078341013825,0.7034466533349019,0.7034466533349019,162.0,-75.0,
76-113-查快递测试_1463737513.csv,16.0,16.0,1.0,93.0,113.0,0.8230088495575221,0.17699115044247793,0.3007518796992482,0.3007518796992482,42.0,51.0,
214-339-bug秀色测试_1470654525.csv,37.0,42.0,0.8809523809523809,124.0,339.0,0.36578171091445427,0.6342182890855457,0.7374959440040791,0.7374959440040791,226.0,-102.0,
112-119-思维简图测试_1463737602.csv,16.0,16.0,1.0,93.0,119.0,0.7815126050420168,0.2184873949579832,0.3586206896551724,0.3586206896551724,75.0,18.0,
328-239-bug动起来测试_1470654454.csv,22.0,29.0,0.7586206896551724,90.0,239.0,0.37656903765690375,0.6234309623430963,0.6844138219020774,0.6844138219020774,214.0,-124.0,
81-153-worker测试_1463737532.csv,14.0,15.0,0.9333333333333333,124.0,153.0,0.8104575163398693,0.1895424836601307,0.31509507178890184,0.31509507178890184,127.0,-3.0,
225-426-bug智慧教育测试_1470654514.csv,35.0,53.0,0.660377358490566,116.0,426.0,0.27230046948356806,0.727699530516432,0.6924058710912572,0.6924058710912572,339.0,-223.0,
141-173-聚创测试_1463737689.csv,19.0,23.0,0.8260869565217391,93.0,173.0,0.5375722543352601,0.4624277456647399,0.5929393407450751,0.5929393407450751,140.0,-47.0,
471-108-bug物通配货信息部V1.2.0测试_1470654300.csv,15.0,15.0,1.0,93.0,108.0,0.8611111111111112,0.13888888888888884,0.24390243902439016,0.24390243902439016,81.0,12.0,
251-205-aiqianbang测试_1463738035.csv,23.0,25.0,0.92,90.0,205.0,0.43902439024390244,0.5609756097560976,0.6969696969696971,0.6969696969696971,131.0,-41.0,
343-115-bug100赚V1.4测试_1470654401.csv,16.0,16.0,1.0,87.0,115.0,0.7565217391304347,0.24347826086956526,0.39160839160839167,0.39160839160839167,77.0,10.0,
521-125-bug城市热线V4.2测试_1470654282.csv,16.0,16.0,1.0,87.0,125.0,0.696,0.30400000000000005,0.4662576687116565,0.4662576687116565,74.0,13.0,
119-337-急救快通测试_1463737643.csv,33.0,42.0,0.7857142857142857,124.0,337.0,0.36795252225519287,0.6320474777448071,0.7005531469576917,0.7005531469576917,288.0,-164.0,
236-561-我们一家测试_1463738018.csv,44.0,69.0,0.6376811594202898,150.0,561.0,0.26737967914438504,0.732620320855615,0.6818618856399524,0.6818618856399524,364.0,-214.0,
3-145-手机卫士短信功能_1463737156.csv,20.0,20.0,1.0,90.0,145.0,0.6206896551724138,0.3793103448275862,0.5499999999999999,0.5499999999999999,73.0,17.0,
154-186-BCHMS测试_1463737680.csv,23.0,26.0,0.8846153846153846,124.0,186.0,0.6666666666666666,0.33333333333333337,0.4842105263157894,0.4842105263157894,149.0,-25.0,
258-133-口袋故事测试_1463738051.csv,18.0,19.0,0.9473684210526315,87.0,133.0,0.6541353383458647,0.3458646616541353,0.5067319461444308,0.5067319461444308,96.0,-9.0,
237-562-bug我们一家测试_1470654506.csv,53.0,69.0,0.7681159420289855,203.0,562.0,0.3612099644128114,0.6387900355871886,0.6975090272558975,0.6975090272558975,505.0,-302.0,
107-174-硬件编码测试_1463737567.csv,23.0,24.0,0.9583333333333334,87.0,174.0,0.5,0.5,0.6571428571428571,0.6571428571428571,99.0,-12.0,
158-278-城市赛车手测试_1463737738.csv,24.0,33.0,0.7272727272727273,93.0,278.0,0.3345323741007194,0.6654676258992807,0.6949988260154967,0.6949988260154967,218.0,-125.0,
252-205-bugaiqianbang测试_1470654472.csv,23.0,25.0,0.92,93.0,205.0,0.45365853658536587,0.5463414634146342,0.6855622089155025,0.6855622089155025,131.0,-38.0,
108-272-优优送药测试_1463737584.csv,23.0,34.0,0.6764705882352942,87.0,272.0,0.31985294117647056,0.6801470588235294,0.678303841861948,0.678303841861948,213.0,-126.0,
294-143-一度蜜测试_1463738084.csv,20.0,20.0,1.0,87.0,143.0,0.6083916083916084,0.39160839160839156,0.5628140703517587,0.5628140703517587,85.0,2.0,
111-241-迪信通测试二_1463737590.csv,23.0,30.0,0.7666666666666667,90.0,241.0,0.37344398340248963,0.6265560165975104,0.6895661669810385,0.6895661669810385,158.0,-68.0,
253-372-bug叮叮导游测试_1470654471.csv,39.0,46.0,0.8478260869565217,116.0,372.0,0.3118279569892473,0.6881720430107527,0.7597017196773703,0.7597017196773703,253.0,-137.0,
321-129-有薪快访测试_1463738103.csv,10.0,10.0,1.0,87.0,129.0,0.6744186046511628,0.32558139534883723,0.49122807017543857,0.49122807017543857,36.0,51.0,
243-250-bugmalimalihome测试_1470654477.csv,29.0,31.0,0.9354838709677419,90.0,250.0,0.36,0.64,0.76003276003276,0.76003276003276,167.0,-77.0,
7-127-百度手机卫士安全短信功能测试_1463737282.csv,18.0,18.0,1.0,93.0,127.0,0.7322834645669292,0.26771653543307083,0.42236024844720493,0.42236024844720493,69.0,24.0,
239-132-海捣网测试_1463738033.csv,18.0,18.0,1.0,87.0,132.0,0.6590909090909091,0.34090909090909094,0.5084745762711865,0.5084745762711865,76.0,11.0,
93-104-今日城市测试_1463737550.csv,14.0,14.0,1.0,93.0,104.0,0.8942307692307693,0.10576923076923073,0.19130434782608688,0.19130434782608688,83.0,10.0,
457-134-bug和易生活V2.0.4测试_1470654307.csv,17.0,18.0,0.9444444444444444,87.0,134.0,0.6492537313432836,0.35074626865671643,0.5115236875800256,0.5115236875800256,93.0,-6.0,
133-141-幻径测试_1463737686.csv,20.0,20.0,1.0,90.0,141.0,0.6382978723404256,0.36170212765957444,0.53125,0.53125,69.0,21.0,
171-290-百问百答测试_1463737762.csv,23.0,34.0,0.6764705882352942,120.0,290.0,0.41379310344827586,0.5862068965517242,0.6281124497991969,0.6281124497991969,244.0,-124.0,
295-128-bug车典APP测试_1470654436.csv,14.0,15.0,0.9333333333333333,87.0,128.0,0.6796875,0.3203125,0.4769422517656834,0.4769422517656834,104.0,-17.0,
1-284-百度手机卫士功能体验_1463737109.csv,29.0,36.0,0.8055555555555556,90.0,284.0,0.31690140845070425,0.6830985915492958,0.7392904073587385,0.7392904073587385,178.0,-88.0,
223-395-bug喜马拉雅FM测试_1470654512.csv,14.0,42.0,0.3333333333333333,93.0,395.0,0.23544303797468355,0.7645569620253164,0.46425826287471167,0.46425826287471167,305.0,-212.0,
97-107-淘特惠测试_1463737552.csv,15.0,15.0,1.0,87.0,107.0,0.8130841121495327,0.1869158878504673,0.3149606299212599,0.3149606299212599,65.0,22.0,
83-132-茄子医生测试_1463737528.csv,16.0,18.0,0.8888888888888888,87.0,132.0,0.6590909090909091,0.34090909090909094,0.4928131416837783,0.4928131416837783,108.0,-21.0,
264-212-芈糕测试_1463738058.csv,24.0,26.0,0.9230769230769231,90.0,212.0,0.42452830188679247,0.5754716981132075,0.7089588377723971,0.7089588377723971,161.0,-71.0,
330-102-小说阅读网V1.0.8测试_1463738106.csv,14.0,14.0,1.0,90.0,102.0,0.8823529411764706,0.11764705882352944,0.21052631578947373,0.21052631578947373,64.0,26.0,
199-295-98仙游测试_1463737840.csv,27.0,36.0,0.75,93.0,295.0,0.3152542372881356,0.6847457627118644,0.7158889545186061,0.7158889545186061,252.0,-159.0,
2-471-百度浏览器T7尝鲜体验_1463737142.csv,49.0,58.0,0.8448275862068966,145.0,471.0,0.3078556263269639,0.6921443736730362,0.7609021840093363,0.7609021840093363,397.0,-252.0,
134-221-买车达人测试_1463737670.csv,21.0,24.0,0.875,87.0,221.0,0.3936651583710407,0.6063348416289593,0.7163039327987782,0.7163039327987782,191.0,-104.0,
336-179-bugRulane SportV1.2.8测试_1470654410.csv,18.0,23.0,0.782608695652174,87.0,179.0,0.4860335195530726,0.5139664804469274,0.6204571000374672,0.6204571000374672,145.0,-58.0,
227-325-bug郑州地铁二维码购票测试_1470654508.csv,34.0,39.0,0.8717948717948718,124.0,325.0,0.38153846153846155,0.6184615384615384,0.7235957435544497,0.7235957435544497,261.0,-137.0,
200-429-加加运动测试_1463737892.csv,39.0,48.0,0.8125,155.0,429.0,0.3613053613053613,0.6386946386946387,0.7151892380283105,0.7151892380283105,370.0,-215.0,
115-157-天天红包测试_1463737606.csv,16.0,17.0,0.9411764705882353,120.0,157.0,0.7643312101910829,0.23566878980891715,0.37695001591849725,0.37695001591849725,122.0,-2.0,
194-317-竹兜育儿测试_1463737902.csv,30.0,37.0,0.8108108108108109,120.0,317.0,0.3785488958990536,0.6214511041009464,0.7036133103160903,0.7036133103160903,170.0,-50.0,
309-170-私人飞行测试_1463738093.csv,21.0,23.0,0.9130434782608695,90.0,170.0,0.5294117647058824,0.47058823529411764,0.6210720887245841,0.6210720887245841,106.0,-16.0,
184-158-叮叮搭车测试_1463737804.csv,22.0,22.0,1.0,93.0,158.0,0.5886075949367089,0.4113924050632911,0.5829596412556054,0.5829596412556054,91.0,2.0,
456-103-bug创惠易购V0.0.2测试_1470654304.csv,14.0,14.0,1.0,93.0,103.0,0.9029126213592233,0.09708737864077666,0.17699115044247782,0.17699115044247782,73.0,20.0,
183-124-喜马拉雅FM测试_1463737863.csv,17.0,17.0,1.0,90.0,124.0,0.7258064516129032,0.27419354838709675,0.430379746835443,0.430379746835443,78.0,12.0,
219-103-恶龙公主—逆塔防测试_1463737972.csv,14.0,14.0,1.0,93.0,103.0,0.9029126213592233,0.09708737864077666,0.17699115044247782,0.17699115044247782,78.0,15.0,
544-200-bug粤通卡V3.0.3测试_1470654280.csv,5.0,25.0,0.2,87.0,200.0,0.435,0.565,0.2954248366013072,0.2954248366013072,145.0,-58.0,
397-149-bug奇好云宝V1.0.0测试_1470654352.csv,17.0,20.0,0.85,93.0,149.0,0.6241610738255033,0.37583892617449666,0.5212154393649056,0.5212154393649056,113.0,-20.0,
312-185-社区慧生活测试_1463738091.csv,24.0,25.0,0.96,93.0,185.0,0.5027027027027027,0.4972972972972973,0.655192878338279,0.655192878338279,95.0,-2.0,
262-197-bug小刀汇测试_1470654465.csv,24.0,28.0,0.8571428571428571,90.0,197.0,0.45685279187817257,0.5431472081218274,0.6649404453650958,0.6649404453650958,157.0,-67.0,
190-330-掌上PC板测试_1463737880.csv,30.0,41.0,0.7317073170731707,87.0,330.0,0.2636363636363636,0.7363636363636363,0.7340280924331672,0.7340280924331672,234.0,-147.0,
338-315-bug邻邻V1.3.4 build测试_1470654409.csv,28.0,37.0,0.7567567567567568,90.0,315.0,0.2857142857142857,0.7142857142857143,0.7349081364829397,0.7349081364829397,271.0,-181.0,
145-155-手电筒测试_1463737698.csv,22.0,22.0,1.0,93.0,155.0,0.6,0.4,0.5714285714285715,0.5714285714285715,73.0,20.0,
203-463-自由理财师测试_1463737936.csv,41.0,57.0,0.7192982456140351,120.0,463.0,0.2591792656587473,0.7408207343412527,0.7299008667670109,0.7299008667670109,376.0,-256.0,
273-146-黄瓜测试_1463738063.csv,19.0,20.0,0.95,90.0,146.0,0.6164383561643836,0.3835616438356164,0.5464817668207498,0.5464817668207498,121.0,-31.0,
316-119-bug萌宠达人测试_1470654419.csv,16.0,17.0,0.9411764705882353,90.0,119.0,0.7563025210084033,0.24369747899159666,0.3871506049228202,0.3871506049228202,102.0,-12.0,
146-252-鸟人测试_1463737707.csv,16.0,31.0,0.5161290322580645,90.0,252.0,0.35714285714285715,0.6428571428571428,0.5725646123260437,0.5725646123260437,196.0,-106.0,
478-103-bugITCV0.0.0测试_1470654295.csv,14.0,14.0,1.0,90.0,103.0,0.8737864077669902,0.12621359223300976,0.22413793103448287,0.22413793103448287,41.0,49.0,
277-262-3Dsousou测试_1463738072.csv,28.0,32.0,0.875,116.0,262.0,0.44274809160305345,0.5572519083969465,0.6808794137241838,0.6808794137241838,169.0,-53.0,
479-122-bug有个性V1.0.3测试_1470654296.csv,16.0,17.0,0.9411764705882353,93.0,122.0,0.7622950819672131,0.23770491803278693,0.3795501022494889,0.3795501022494889,98.0,-5.0,
89-120-一起飞测试_1463737536.csv,17.0,17.0,1.0,87.0,120.0,0.725,0.275,0.4313725490196079,0.4313725490196079,84.0,3.0,
361-155-bug德成贷V1.0测试_1470654375.csv,20.0,22.0,0.9090909090909091,90.0,155.0,0.5806451612903226,0.4193548387096774,0.5739514348785871,0.5739514348785871,125.0,-35.0,
197-306-影视论坛Ai测试_1463737921.csv,31.0,38.0,0.8157894736842105,93.0,306.0,0.30392156862745096,0.696078431372549,0.7511945392491468,0.7511945392491468,171.0,-78.0,
427-157-bug七彩乐居V1.1测试_1470654346.csv,19.0,22.0,0.8636363636363636,93.0,157.0,0.5923566878980892,0.40764331210191085,0.5538601685265315,0.5538601685265315,116.0,-23.0,
261-195-小刀汇测试_1463738056.csv,23.0,27.0,0.8518518518518519,90.0,195.0,0.46153846153846156,0.5384615384615384,0.6598360655737704,0.6598360655737704,155.0,-65.0,
383-112-bug行知宝V1.6.6测试_1470654355.csv,16.0,16.0,1.0,90.0,112.0,0.8035714285714286,0.1964285714285714,0.32835820895522383,0.32835820895522383,86.0,4.0,
65-111-夺宝猫测试_1463737499.csv,15.0,15.0,1.0,90.0,111.0,0.8108108108108109,0.18918918918918914,0.3181818181818181,0.3181818181818181,69.0,21.0,
229-244-bug小饭桌测试_1470654522.csv,21.0,28.0,0.75,93.0,244.0,0.38114754098360654,0.6188524590163935,0.6781437125748504,0.6781437125748504,189.0,-96.0,
349-195-bug优悠校园V2.1.0.2628测试_1470654399.csv,25.0,25.0,1.0,155.0,195.0,0.7948717948717948,0.20512820512820518,0.34042553191489366,0.34042553191489366,151.0,4.0,
231-217-易约爱测试_1463738003.csv,23.0,27.0,0.8518518518518519,87.0,217.0,0.4009216589861751,0.599078341013825,0.7034466533349019,0.7034466533349019,162.0,-75.0,
